-149555722199.9157 2573251200.0
-149467160044.54324 5145740444.731344
-149334320092.14517 7716705327.513231
-149157222035.8229 10285383215.93544
-148935898721.01245 12851011478.411217
-148670396159.07043 15412827711.534418
-148360773536.91882 17970069968.173817
-148007103222.71762 20521976986.236275
-147609470767.5359 23067788418.02933
-147167974902.9927 25606745060.15263
-146682727534.84128 28138089083.84643
-146153853732.4699 30661064265.724407
-145581491714.29575 33174916218.816784
-144965792829.0279 35678892623.84883
-144306921532.7784 38172243460.67873
-143605055362.00067 40654221239.817696
-142860384902.23642 43124081233.95448
-142073113752.65448 45581081709.40512
-141243458486.36496 48024484157.40812
-140371648606.49533 50453553525.184326
-139457926498.01575 52867558446.67976
-138502547375.30283 55265771472.90903
-137505779225.43298 57647469301.815956
-136467902747.19803 60011933007.56763
-135389211285.83751 62358448269.196945
-134270010763.48418 64686305598.5085
-133110619605.3208 66994800567.16171
-131911368661.44843 69283234032.84468
-130672601124.46811 71550912364.4517
-129394672442.78017 73797147666.17691
-128077950229.60675 76021258000.43594
-126722814167.7459 78222567609.52744
-125329655910.06691 80400407135.94542
-123898878975.75925 82554113841.25389
-122430898642.34895 84683031823.43408
-120926141833.499 86786512232.61526
-119385047002.61168 88863913485.09949
-117808064012.25389 90914601475.59068
-116195654009.4276 92937949787.53868
-114548289296.71057 94933339901.50858
-112866453199.2943 96900161401.48607
-111150639927.94823 98837812179.02962
-109401354437.94188 100745698635.18047
-107619112283.95825 102623235880.04185
-105804439471.03459 104469847929.93916
-103957872301.56831 106284967902.07314
-102079957218.4285 108068038206.57881
-100171250644.2154 109818510735.90341
-98232318816.71266 111535847051.41695
-96263737620.57918 113219518567.17
-94266092415.32954 114869006730.71416
-92239977859.65471 116483803200.90091
-90185997732.13594 118063410022.5761
-88104764748.4081 119607339798.08789
-85996900374.8297 121115115855.527
-83863034638.71997 122586272413.61934
-81703805935.22476 124020354743.19214
-79519860830.87555 125416919325.13586
-77311853863.90767 126775534004.78563
-75080447341.40611 128095778142.6469
-72826311133.34898 129377242761.392
-70550122463.621 130619530689.0551
-68252565698.071205 131822256698.35501
-65934332129.69078 132985047642.07669
-63596119760.9892 134107542584.44406
-61238633083.648285 135189392928.41824
-58862582855.5359 136230262538.85725
-56468685875.16247 137229827861.47498
-54057664753.6655 138187778037.5391
-51630247684.40863 139103815014.24936
-49187168210.28364 139977653650.74008
-46729164988.805115 140809021819.65216
-44256981555.08923 141597660504.22226
-41771366082.80935 142343323890.8392
-39273071143.222565 143045779457.0191
-36762853462.36285 143704808054.75375
-34241473676.497345 144320203989.18832
-31709696085.94396 144891775092.58728
-29168288407.349228 145419342793.5494
-26618021524.526745 145902742181.43542
-24059669237.95729 146341822065.97375
-21494008013.052856 146736445032.01297
-18921816727.28757 147086487489.39124
-16343876416.29937 147391839717.89624
-13760970019.066998 147652405907.29108
-11173882122.267578 147868104192.3843
-8583398703.920609 148038866683.12512
-5990306876.424738 148164639489.70688
-3395394629.0941434 148245382742.66495
-799450570.3017206 148281070607.95743
1796736330.6634378 148271691297.02008
4392377001.916538 148217247071.78906
6986682527.367674 148117754244.6881
9578864405.074562 147973243173.57922
12168134805.449457 147783758251.6786
14753706829.21237 147549357892.44202
17334794764.98284 147270114509.42722
19910614346.402782 146946114491.14224
22480383008.68313 146577458170.89264
25043320144.467506 146164259791.64212
27598647358.906517 145706647465.9041
30145588723.836723 145204763130.68463
32683371030.95912 144658762497.4988
35211224043.91243 144068814997.48648
37728380749.1374 143435103721.6544
40234077605.428955 142757825356.27545
42727554792.07415 142037190113.47772
45208056455.474525 141273421657.05807
47674830954.1528 140466757023.55838
50127131102.04461 139617446538.64398
52564214409.97741 138725753728.82675
54985343325.23972 137791955228.57742
57389785469.14516 136816340682.87405
59776813872.49711 135799212645.23547
62145707208.861275 134740886471.29129
64495750025.55471 133641690207.94164
66826232972.26153 132501964478.16219
69136453027.18703 131322062361.51201
71425713720.66353 130102349270.4037
73693325356.12303 128843202822.19722
75938605228.35321 127545012707.1808
78160877838.95546 126208180552.5041
80359475108.92513 124833119782.13036
82533736588.276 123420255472.87639
84683009662.63332 121970024206.61053
86806649756.72087 120482873918.68056
88904020534.67047 118959263742.64478
90974494097.0834 117399663851.38145
93017451174.77597 115804555294.65262
95032281319.143 114174429833.20003
97018383089.07545 112509789769.45216
98975164234.3703 110811147774.92242
100902041875.57306 109079026714.37976
102798442680.19534 107313959466.8742
104663803035.25218 105516488743.70073
106497569216.06598 103687166903.3856
108299197551.28607 101826555763.7808
110068154584.07532 99935226411.35234
111803917229.41708 98013759007.74939
113505972927.4985 96062742593.74188
115173819793.12793 94082774890.61453
116806966761.14687 92074462099.10625
118404933727.79886 90038418695.98395
119967251688.02013 87975267228.34065
121493462868.61891 85885638105.70764
122983120857.31273 83770169390.0713
124435790727.59512 81629506583.88498
125851049159.40552 79464302416.16681
127228484555.5781 77275216626.7742
128567697154.0479 75062915748.94614
129868299135.7944 72828072890.20404
131129914728.50508 70571367511.70212
132352180305.94359 68293485206.11805
133534744483.00935 65995117474.17443
134677268206.47754 63676961499.881424
135779424841.41026 61339719924.59061
136840900253.23222 58984100619.94981
137861392885.46576 56610816459.84812
138840613833.12265 54220585091.44012
139778286911.75146 51814128705.33751
140674148722.14185 49392173805.05614
141527948710.68854 46955450975.80558
142339449225.42017 44504694652.70787
143108425567.69937 42040642888.531334
143834666039.603 39564037121.02472
144517971986.99283 37075621939.93603
145158157838.28867 34576144853.799675
145755051138.95792 32066356056.574806
146308492581.73712 29547008194.216564
146818336032.60254 27018856131.2614
147284448552.50858 24482656717.506386
147706710414.9144 21939168554.8616
148085015119.1207 19389151764.4536
148419269399.43976 16833367754.05702
148709393230.22372 14272578985.930132
148955319826.7771 11707548745.129293
149156995642.1812 9139040908.375908
149314380360.05923 6567819713.548501
149427446883.31198 3994649529.871295
149496181318.85583 1420294628.869505
149520582958.39514 -1154481043.839635
149500664255.2629 -3728914095.852318
149436450797.36426 -6302241914.3135195
149327981276.25876 -8873702891.21695
149175307452.41803 -11442536647.60553
148978494116.69672 -14007984256.609627
148737619048.05527 -16569288465.26151
148452772967.57404 -19125693915.025818
148124059488.79932 -21676447360.98709
147751595064.46216 -24220797889.636738
147335508929.61215 -26757997135.203087
146875943041.20856 -29287299494.469498
146373052014.21237 -31807962340.026775
145827003054.2229 -34319246231.907486
145237975886.70367 -36820415127.551
144606162682.84244 -39310736590.049484
143931767982.09113 -41789481994.626205
143215008611.43155 -44255926733.299034
142456113601.41342 -46709350417.68303
141655324099.0116 -49149037079.88752
140812893277.34976 -51574275371.464165
139929086242.33786 -53984358760.3639
139004179936.27167 -56378585725.86178
138038463038.442 -58756259951.41007
137032235862.80217 -61116690515.3811
135985810252.74246 -63459192079.662575
134899509473.01968 -65783085076.0694
133773668098.89125 -68087695890.537
132608631902.50224 -70372357045.06258
131404757736.57472 -72636407377.36153
130162413415.44818 -74879192218.20782
128881977593.5202 -77100063566.42792
127563839641.1364 -79298380261.51894
126208399517.97862 -81473508153.8631
124816067644.00041 -83624820272.51126
123387264767.9585 -85751696990.50957
121922421833.58916 -87853526187.74414
120421979843.47813 -89929703411.27988
118886389720.67253 -91979632033.17032
117316112168.08301 -94002723405.71645
115711617525.72456 -95998397014.15335
114073385625.84369 -97966080626.7446
112401905645.97981 -99905210442.26483
110697675960.00838 -101815231234.85234
108961203987.21301 -103695596496.21387
107193006039.43361 -105545768575.16498
105393607166.33717 -107365218814.48999
103563540998.85791 -109153427685.10634
101703349590.85263 -110909884917.5189
99813583259.01743 -112634089630.55069
97894800421.11102 -114325550457.33685
95947567432.5303 -115983785668.56989
93972458421.2826 -117608323292.9843
91970055121.39946 -119198701235.06992
89940946704.83624 -120754467390.00342
87885729611.90118 -122275179755.78854
85805007380.25763 -123760406542.5957
83699390472.54257 -125209726279.29253
81569496102.6444 -126622727917.15727
79415948060.68213 -127999010930.76773
77239376536.72859 -129338185416.05844
75040417943.31894 -130639872185.53993
72819714736.78627 -131903702860.67368
70577915237.46515 -133129319961.3974
68315673448.80387 -134316376992.7954
66033648875.42586 -135464538528.90904
63732506340.18013 -136573480293.68327
61412915800.22057 -137642889239.04474
59075552162.15339 -138672463620.10815
56721095096.29167 -139661913067.50732
54350228850.05591 -140610958656.84784
51963642060.5587 -141519332975.2788
49562027566.4118 -142386780185.18088
47146082218.79328 -143213056084.9686
44716506691.812294 -143997928167.00497
42274005292.20855 -144741175672.62665
39819285768.42355 -145442589644.278
37353059119.08017 -146101972974.7532
34876039400.90694 -146719140453.5446
32388943536.143288 -147293918810.2971
29892491119.46161 -147826146755.3675
27387404224.441814 -148315675017.48813
24874407209.633934 -148762366378.53467
22354226524.243988 -149166095705.39743
19827590513.47827 -149526749978.9565
17295229223.58096 -149844228320.16025
14757874206.599768 -150118442013.20746
12216258324.914335 -150349314525.8335
9671115555.56175 -150536781526.7005
7123180794.393614 -150680790899.89218
4573189660.098851 -150781302756.5138
2021878298.12644 -150838289443.39767
-530016815.45789003 -150851735548.9153
-3081759070.14699 -150821637905.89636
-5632611917.165712 -150748005591.65588
-8181839065.608524 -150630859925.13025
-10728704678.507425 -150470234461.12317
-13272473568.79633 -150266174981.6626
-15812411395.138027 -150018739484.46988
-18347784857.57986 -149727998168.5422
-20877861893.004196 -149394033416.84985
-23401911870.339752 -149016939776.14954
-25919205785.499752 -148596823933.91537
-28429016456.01285 -148133804692.38892
-30930618715.31266 -147628012939.75024
-33423289606.65158 -147079591618.4115
-35906308576.60462 -146488695690.43503
-38378957668.128654 -145855492100.0779
-40840521713.14253 -145180159733.4652
-43290288524.593216 -144462889375.3939
-45727549087.973015 -143703883663.26996
-48151597752.252815 -142903357038.18137
-50561732420.195984 -142061535693.1091
-52957254738.01743 -141178657518.27948
-55337470284.35219 -140254972043.6607
-57701688758.49747 -139290740378.60645
-60049224167.89217 -138286235148.65042
-62379395014.79738 -137241740429.45493
-64691524482.14117 -136157551677.91766
-66984940618.49094 -135033975660.4405
-69258976522.116 -133871330378.3646
-71512970524.10306 -132669944990.57645
-73746266370.48683 -131430159733.28967
-75958213403.35783 -130152325837.00758
-78148166740.90897 -128836805440.67197
-80315487456.38245 -127483971503.00397
-82459542755.878 -126094207711.04295
-84579706154.98329 -124667908385.88997
-86675357654.18689 -123205478385.66257
-88745883913.0341 -121707333005.66815
-90790678422.98538 -120173897875.80363
-92809141678.93687 -118605608855.18939
-94800681349.36235 -117002911924.046
-96764712445.0353 -115366263072.82285
-98700657486.2898 -113696128188.58804
-100607946668.77843 -111992982938.68974
-102486018027.68503 -110257312651.69926
-104334317600.34996 -108489612195.64719
-106152299587.26509 -106690385853.56416
-107939426511.39558 -104860147196.33861
-109695169375.78505 -102999418952.90417
-111419007819.40036 -101108732877.7706
-113110430271.17235 -99188629615.91202
-114768934102.1881 -97239658565.02771
-116394025775.99019 -95262377735.19083
-117985220996.93842 -93257353605.90132
-119542044856.58868 -91225160980.56026
-121064031978.04388 -89166382838.38321
-122550726658.23131 -87081610183.77147
-124001683008.06082 -84971441893.1604
-125416465090.41777 -82836484559.36523
-126794647055.9446 -80677352333.44543
-128135813276.56476 -78494666764.10959
-129439558476.7025 -76289056634.68379
-130705487862.15186 -74061157797.66728
-131933217246.54808 -71811613006.90005
-133122373175.39468 -69541071747.36826
-134272593047.59906 -67250190062.673996
-135383525234.46977 -64939630380.197235
-136454829196.12828 -62610061333.97856
-137486175595.28824 -60262157585.352516
-138477246408.355 -57896599641.3623
-139427735033.79858 -55514073670.987755
-140337346397.75262 -53115271319.21958
-141205797056.79303 -50700889519.01384
-142032815297.84894 -48271630301.16196
-142818141235.19946 -45828200602.112564
-143561526904.5099 -43371312069.78266
-144262736353.86072 -40901680867.39672
-144921545731.72363 -38420027475.393616
-145537743371.83847 -35927076491.44233
-146111129874.94556 -33423556428.608707
-146641518187.3283 -30910199511.716694
-147128733676.12128 -28387741471.948654
-147572614201.33878 -25856921339.730713
-147973010184.5805 -23318481235.95021
-148329784674.3702 -20773166161.553658
-148642813408.08453 -18221723785.574776
-148911984870.42932 -15664904231.643515
-149137200348.4214 -13103459863.028164
-149318373982.83466 -10538145066.263943
-149455432816.06958 -7969716033.42271
-149548316836.40594 -5398930543.079697
-149596979018.6001 -2826547740.0344257
-149601385360.78748 -253327913.8442335
