5.388978148043955e-16 6731000.0 0 0 0 0
1.0777963342246252e-15 6731000.0 0 0 0 0
1.6166955582616105e-15 6731000.0 0 0 0 0
2.1555954869162727e-15 6731000.0 0 0 0 0
2.694496120189533e-15 6731000.0 0 0 0 0
3.233397458082313e-15 6731000.0 0 0 0 0
3.7722995005955335e-15 6731000.0 0 0 0 0
4.311202247730116e-15 6731000.0 0 0 0 0
4.850105699486982e-15 6731000.0 0 0 0 0
5.3890098558670524e-15 6731000.0 0 0 0 0
5.9279147168712495e-15 6731000.0 0 0 0 0
6.466820282500493e-15 6731000.0 0 0 0 0
7.005726552755706e-15 6731000.0 0 0 0 0
7.544633527637807e-15 6731000.0 0 0 0 0
8.08354120714772e-15 6731000.0 0 0 0 0
8.622449591286367e-15 6731000.0 0 0 0 0
9.161358680054665e-15 6731000.0 0 0 0 0
9.70026847345354e-15 6731000.0 0 0 0 0
1.023917897148391e-14 6731000.0 0 0 0 0
1.0778090174146699e-14 6731000.0 0 0 0 0
1.1317002081442826e-14 6731000.0 0 0 0 0
1.1855914693373216e-14 6731000.0 0 0 0 0
1.2394828009938787e-14 6731000.0 0 0 0 0
1.293374203114046e-14 6731000.0 0 0 0 0
1.347265675697916e-14 6731000.0 0 0 0 0
1.4011572187455803e-14 6731000.0 0 0 0 0
1.4550488322571313e-14 6731000.0 0 0 0 0
1.508940516232661e-14 6731000.0 0 0 0 0
1.562832270672262e-14 6731000.0 0 0 0 0
1.6167240955760258e-14 6731000.0 0 0 0 0
1.670615990944045e-14 6731000.0 0 0 0 0
1.7245079567764116e-14 6731000.0 0 0 0 0
1.7783999930732175e-14 6731000.0 0 0 0 0
1.832292099834555e-14 6731000.0 0 0 0 0
1.8861842770605163e-14 6731000.0 0 0 0 0
1.9400765247511933e-14 6731000.0 0 0 0 0
1.9939688429066786e-14 6731000.0 0 0 0 0
2.0478612315270642e-14 6731000.0 0 0 0 0
2.101753690612442e-14 6731000.0 0 0 0 0
2.155646220162904e-14 6731000.0 0 0 0 0
2.2095388201785428e-14 6731000.0 0 0 0 0
2.2634314906594505e-14 6731000.0 0 0 0 0
2.317324231605719e-14 6731000.0 0 0 0 0
2.37121704301744e-14 6731000.0 0 0 0 0
2.4251099248947063e-14 6731000.0 0 0 0 0
2.47900287723761e-14 6731000.0 0 0 0 0
2.532895900046243e-14 6731000.0 0 0 0 0
2.5867889933206976e-14 6731000.0 0 0 0 0
2.6406821570610655e-14 6731000.0 0 0 0 0
2.6945753912674394e-14 6731000.0 0 0 0 0
2.748468695939911e-14 6731000.0 0 0 0 0
2.802362071078573e-14 6731000.0 0 0 0 0
2.856255516683517e-14 6731000.0 0 0 0 0
2.910149032754835e-14 6731000.0 0 0 0 0
2.9640426192926195e-14 6731000.0 0 0 0 0
3.0179362762969624e-14 6731000.0 0 0 0 0
3.071830003767956e-14 6731000.0 0 0 0 0
3.1257238017056923e-14 6731000.0 0 0 0 0
3.1796176701102636e-14 6731000.0 0 0 0 0
3.2335116089817626e-14 6731000.0 0 0 0 0
3.287405618320281e-14 6731000.0 0 0 0 0
3.3412996981259104e-14 6731000.0 0 0 0 0
3.3951938483987434e-14 6731000.0 0 0 0 0
3.449088069138872e-14 6731000.0 0 0 0 0
3.5029823603463885e-14 6731000.0 0 0 0 0
3.556876722021385e-14 6731000.0 0 0 0 0
3.610771154163953e-14 6731000.0 0 0 0 0
3.664665656774186e-14 6731000.0 0 0 0 0
3.718560229852175e-14 6731000.0 0 0 0 0
3.772454873398012e-14 6731000.0 0 0 0 0
3.826349587411791e-14 6731000.0 0 0 0 0
3.880244371893602e-14 6731000.0 0 0 0 0
3.9341392268435376e-14 6731000.0 0 0 0 0
3.988034152261691e-14 6731000.0 0 0 0 0
4.0419291481481526e-14 6731000.0 0 0 0 0
4.095824214503016e-14 6731000.0 0 0 0 0
4.1497193513263734e-14 6731000.0 0 0 0 0
4.2036145586183155e-14 6731000.0 0 0 0 0
4.257509836378936e-14 6731000.0 0 0 0 0
4.311405184608326e-14 6731000.0 0 0 0 0
4.3653006033065784e-14 6731000.0 0 0 0 0
4.419196092473785e-14 6731000.0 0 0 0 0
4.4730916521100374e-14 6731000.0 0 0 0 0
4.5269872822154284e-14 6731000.0 0 0 0 0
4.58088298279005e-14 6731000.0 0 0 0 0
4.6347787538339943e-14 6731000.0 0 0 0 0
4.6886745953473534e-14 6731000.0 0 0 0 0
4.7425705073302195e-14 6731000.0 0 0 0 0
4.796466489782685e-14 6731000.0 0 0 0 0
4.850362542704842e-14 6731000.0 0 0 0 0
4.904258666096782e-14 6731000.0 0 0 0 0
4.9581548599585975e-14 6731000.0 0 0 0 0
5.012051124290381e-14 6731000.0 0 0 0 0
5.0659474590922245e-14 6731000.0 0 0 0 0
5.11984386436422e-14 6731000.0 0 0 0 0
5.173740340106459e-14 6731000.0 0 0 0 0
5.227636886319035e-14 6731000.0 0 0 0 0
5.281533503002039e-14 6731000.0 0 0 0 0
5.335430190155563e-14 6731000.0 0 0 0 0
5.3893269477797e-14 6731000.0 0 0 0 0
5.4432237758745423e-14 6731000.0 0 0 0 0
5.497120674440181e-14 6731000.0 0 0 0 0
5.551017643476709e-14 6731000.0 0 0 0 0
5.6049146829842186e-14 6731000.0 0 0 0 0
5.6588117929628016e-14 6731000.0 0 0 0 0
5.712708973412551e-14 6731000.0 0 0 0 0
5.766606224333558e-14 6731000.0 0 0 0 0
5.820503545725914e-14 6731000.0 0 0 0 0
5.874400937589712e-14 6731000.0 0 0 0 0
5.928298399925045e-14 6731000.0 0 0 0 0
5.982195932732003e-14 6731000.0 0 0 0 0
6.036093536010681e-14 6731000.0 0 0 0 0
6.089991209761169e-14 6731000.0 0 0 0 0
6.14388895398356e-14 6731000.0 0 0 0 0
6.197786768677946e-14 6731000.0 0 0 0 0
6.251684653844418e-14 6731000.0 0 0 0 0
6.305582609483068e-14 6731000.0 0 0 0 0
6.35948063559399e-14 6731000.0 0 0 0 0
6.413378732177276e-14 6731000.0 0 0 0 0
6.467276899233018e-14 6731000.0 0 0 0 0
6.521175136761307e-14 6731000.0 0 0 0 0
6.575073444762235e-14 6731000.0 0 0 0 0
6.628971823235896e-14 6731000.0 0 0 0 0
6.682870272182381e-14 6731000.0 0 0 0 0
6.736768791601782e-14 6731000.0 0 0 0 0
6.790667381494192e-14 6731000.0 0 0 0 0
6.844566041859702e-14 6731000.0 0 0 0 0
6.898464772698405e-14 6731000.0 0 0 0 0
6.952363574010392e-14 6731000.0 0 0 0 0
7.006262445795757e-14 6731000.0 0 0 0 0
7.060161388054591e-14 6731000.0 0 0 0 0
7.114060400786986e-14 6731000.0 0 0 0 0
7.167959483993033e-14 6731000.0 0 0 0 0
7.221858637672827e-14 6731000.0 0 0 0 0
7.275757861826459e-14 6731000.0 0 0 0 0
7.329657156454021e-14 6731000.0 0 0 0 0
7.383556521555604e-14 6731000.0 0 0 0 0
7.437455957131302e-14 6731000.0 0 0 0 0
7.491355463181206e-14 6731000.0 0 0 0 0
7.545255039705408e-14 6731000.0 0 0 0 0
7.599154686704001e-14 6731000.0 0 0 0 0
7.653054404177076e-14 6731000.0 0 0 0 0
7.706954192124726e-14 6731000.0 0 0 0 0
7.760854050547043e-14 6731000.0 0 0 0 0
7.81475397944412e-14 6731000.0 0 0 0 0
7.868653978816047e-14 6731000.0 0 0 0 0
7.922554048662918e-14 6731000.0 0 0 0 0
7.936029070529322e-14 6731000.0 0 0 0 0
7.949504096800412e-14 6731000.0 0 0 0 0
7.962979127476191e-14 6731000.0 0 0 0 0
7.97645416255666e-14 6731000.0 0 0 0 0
7.989929202041819e-14 6731000.0 0 0 0 0
8.00340424593167e-14 6731000.0 0 0 0 0
8.016879294226216e-14 6731000.0 0 0 0 0
8.030354346925457e-14 6731000.0 0 0 0 0
8.043829404029396e-14 6731000.0 0 0 0 0
8.057304465538033e-14 6731000.0 0 0 0 0
8.07077953145137e-14 6731000.0 0 0 0 0
8.084254601769407e-14 6731000.0 0 0 0 0
8.097729676492147e-14 6731000.0 0 0 0 0
8.111204755619591e-14 6731000.0 0 0 0 0
8.124679839151741e-14 6731000.0 0 0 0 0
8.138154927088598e-14 6731000.0 0 0 0 0
8.151630019430164e-14 6731000.0 0 0 0 0
8.165105116176439e-14 6731000.0 0 0 0 0
8.178580217327427e-14 6731000.0 0 0 0 0
8.192055322883126e-14 6731000.0 0 0 0 0
8.205530432843539e-14 6731000.0 0 0 0 0
8.219005547208669e-14 6731000.0 0 0 0 0
8.232480665978515e-14 6731000.0 0 0 0 0
8.24595578915308e-14 6731000.0 0 0 0 0
8.259430916732366e-14 6731000.0 0 0 0 0
8.272906048716372e-14 6731000.0 0 0 0 0
8.286381185105102e-14 6731000.0 0 0 0 0
8.299856325898555e-14 6731000.0 0 0 0 0
8.313331471096733e-14 6731000.0 0 0 0 0
8.32680662069964e-14 6731000.0 0 0 0 0
8.340281774707274e-14 6731000.0 0 0 0 0
8.353756933119639e-14 6731000.0 0 0 0 0
8.367232095936736e-14 6731000.0 0 0 0 0
8.380707263158565e-14 6731000.0 0 0 0 0
8.394182434785129e-14 6731000.0 0 0 0 0
8.407657610816428e-14 6731000.0 0 0 0 0
8.421132791252466e-14 6731000.0 0 0 0 0
8.434607976093241e-14 6731000.0 0 0 0 0
8.448083165338756e-14 6731000.0 0 0 0 0
8.461558358989013e-14 6731000.0 0 0 0 0
8.475033557044013e-14 6731000.0 0 0 0 0
8.488508759503757e-14 6731000.0 0 0 0 0
8.501983966368247e-14 6731000.0 0 0 0 0
8.515459177637485e-14 6731000.0 0 0 0 0
8.528934393311472e-14 6731000.0 0 0 0 0
8.542409613390208e-14 6731000.0 0 0 0 0
8.555884837873696e-14 6731000.0 0 0 0 0
8.569360066761938e-14 6731000.0 0 0 0 0
8.582835300054934e-14 6731000.0 0 0 0 0
8.596310537752686e-14 6731000.0 0 0 0 0
8.609785779855196e-14 6731000.0 0 0 0 0
8.623261026362464e-14 6731000.0 0 0 0 0
8.636736277274493e-14 6731000.0 0 0 0 0
8.650211532591284e-14 6731000.0 0 0 0 0
8.663686792312836e-14 6731000.0 0 0 0 0
8.677162056439154e-14 6731000.0 0 0 0 0
8.690637324970237e-14 6731000.0 0 0 0 0
8.704112597906088e-14 6731000.0 0 0 0 0
8.717587875246708e-14 6731000.0 0 0 0 0
8.731063156992098e-14 6731000.0 0 0 0 0
8.744538443142261e-14 6731000.0 0 0 0 0
8.758013733697197e-14 6731000.0 0 0 0 0
8.771489028656907e-14 6731000.0 0 0 0 0
8.784964328021394e-14 6731000.0 0 0 0 0
8.798439631790658e-14 6731000.0 0 0 0 0
8.8119149399647e-14 6731000.0 0 0 0 0
8.825390252543523e-14 6731000.0 0 0 0 0
8.838865569527128e-14 6731000.0 0 0 0 0
8.852340890915517e-14 6731000.0 0 0 0 0
8.86581621670869e-14 6731000.0 0 0 0 0
8.879291546906649e-14 6731000.0 0 0 0 0
8.892766881509397e-14 6731000.0 0 0 0 0
8.906242220516934e-14 6731000.0 0 0 0 0
8.91971756392926e-14 6731000.0 0 0 0 0
8.933192911746378e-14 6731000.0 0 0 0 0
8.94666826396829e-14 6731000.0 0 0 0 0
8.960143620594997e-14 6731000.0 0 0 0 0
8.9736189816265e-14 6731000.0 0 0 0 0
8.987094347062802e-14 6731000.0 0 0 0 0
9.000569716903902e-14 6731000.0 0 0 0 0
9.014045091149803e-14 6731000.0 0 0 0 0
9.027520469800506e-14 6731000.0 0 0 0 0
9.040995852856012e-14 6731000.0 0 0 0 0
9.054471240316323e-14 6731000.0 0 0 0 0
9.06794663218144e-14 6731000.0 0 0 0 0
9.081422028451365e-14 6731000.0 0 0 0 0
9.094897429126099e-14 6731000.0 0 0 0 0
9.108372834205645e-14 6731000.0 0 0 0 0
9.121848243690002e-14 6731000.0 0 0 0 0
9.135323657579173e-14 6731000.0 0 0 0 0
9.148799075873157e-14 6731000.0 0 0 0 0
9.16227449857196e-14 6731000.0 0 0 0 0
9.175749925675579e-14 6731000.0 0 0 0 0
9.189225357184019e-14 6731000.0 0 0 0 0
9.202700793097279e-14 6731000.0 0 0 0 0
9.216176233415361e-14 6731000.0 0 0 0 0
9.229651678138267e-14 6731000.0 0 0 0 0
9.243127127265997e-14 6731000.0 0 0 0 0
9.256602580798555e-14 6731000.0 0 0 0 0
9.27007803873594e-14 6731000.0 0 0 0 0
9.283553501078155e-14 6731000.0 0 0 0 0
9.2970289678252e-14 6731000.0 0 0 0 0
9.310504438977079e-14 6731000.0 0 0 0 0
9.32397991453379e-14 6731000.0 0 0 0 0
9.337455394495336e-14 6731000.0 0 0 0 0
9.35093087886172e-14 6731000.0 0 0 0 0
9.36440636763294e-14 6731000.0 0 0 0 0
9.377881860809001e-14 6731000.0 0 0 0 0
9.391357358389902e-14 6731000.0 0 0 0 0
9.404832860375646e-14 6731000.0 0 0 0 0
9.418308366766234e-14 6731000.0 0 0 0 0
9.431783877561667e-14 6731000.0 0 0 0 0
9.445259392761947e-14 6731000.0 0 0 0 0
9.458734912367075e-14 6731000.0 0 0 0 0
9.472210436377053e-14 6731000.0 0 0 0 0
9.485685964791883e-14 6731000.0 0 0 0 0
9.499161497611564e-14 6731000.0 0 0 0 0
9.512637034836098e-14 6731000.0 0 0 0 0
9.526112576465489e-14 6731000.0 0 0 0 0
9.539588122499736e-14 6731000.0 0 0 0 0
9.55306367293884e-14 6731000.0 0 0 0 0
9.566539227782806e-14 6731000.0 0 0 0 0
9.580014787031632e-14 6731000.0 0 0 0 0
9.59349035068532e-14 6731000.0 0 0 0 0
9.606965918743873e-14 6731000.0 0 0 0 0
9.62044149120729e-14 6731000.0 0 0 0 0
9.633917068075574e-14 6731000.0 0 0 0 0
9.647392649348727e-14 6731000.0 0 0 0 0
9.66086823502675e-14 6731000.0 0 0 0 0
9.674343825109643e-14 6731000.0 0 0 0 0
9.687819419597409e-14 6731000.0 0 0 0 0
9.701295018490048e-14 6731000.0 0 0 0 0
9.714770621787564e-14 6731000.0 0 0 0 0
9.728246229489956e-14 6731000.0 0 0 0 0
9.741721841597227e-14 6731000.0 0 0 0 0
9.755197458109377e-14 6731000.0 0 0 0 0
9.768673079026407e-14 6731000.0 0 0 0 0
9.782148704348322e-14 6731000.0 0 0 0 0
9.79562433407512e-14 6731000.0 0 0 0 0
9.809099968206804e-14 6731000.0 0 0 0 0
9.822575606743374e-14 6731000.0 0 0 0 0
9.836051249684835e-14 6731000.0 0 0 0 0
9.849526897031184e-14 6731000.0 0 0 0 0
9.863002548782424e-14 6731000.0 0 0 0 0
9.876478204938558e-14 6731000.0 0 0 0 0
9.889953865499586e-14 6731000.0 0 0 0 0
9.90342953046551e-14 6731000.0 0 0 0 0
9.91690519983633e-14 6731000.0 0 0 0 0
9.930380873612049e-14 6731000.0 0 0 0 0
9.943856551792668e-14 6731000.0 0 0 0 0
9.957332234378188e-14 6731000.0 0 0 0 0
9.97080792136861e-14 6731000.0 0 0 0 0
9.984283612763936e-14 6731000.0 0 0 0 0
9.997759308564169e-14 6731000.0 0 0 0 0
1.0011235008769308e-13 6731000.0 0 0 0 0
1.0024710713379356e-13 6731000.0 0 0 0 0
1.0038186422394314e-13 6731000.0 0 0 0 0
1.0051662135814183e-13 6731000.0 0 0 0 0
1.0065137853638967e-13 6731000.0 0 0 0 0
1.0078613575868665e-13 6731000.0 0 0 0 0
1.0092089302503279e-13 6731000.0 0 0 0 0
1.0105565033542809e-13 6731000.0 0 0 0 0
1.0119040768987257e-13 6731000.0 0 0 0 0
1.0132516508836627e-13 6731000.0 0 0 0 0
1.0145992253090919e-13 6731000.0 0 0 0 0
1.0159468001750132e-13 6731000.0 0 0 0 0
1.0172943754814271e-13 6731000.0 0 0 0 0
1.0186419512283335e-13 6731000.0 0 0 0 0
1.0199895274157326e-13 6731000.0 0 0 0 0
1.0213371040436245e-13 6731000.0 0 0 0 0
1.0226846811120095e-13 6731000.0 0 0 0 0
1.0240322586208876e-13 6731000.0 0 0 0 0
1.025379836570259e-13 6731000.0 0 0 0 0
1.026727414960124e-13 6731000.0 0 0 0 0
1.0280749937904824e-13 6731000.0 0 0 0 0
1.0294225730613347e-13 6731000.0 0 0 0 0
1.0307701527726808e-13 6731000.0 0 0 0 0
1.0321177329245209e-13 6731000.0 0 0 0 0
1.0334653135168552e-13 6731000.0 0 0 0 0
1.0348128945496839e-13 6731000.0 0 0 0 0
1.036160476023007e-13 6731000.0 0 0 0 0
1.0375080579368246e-13 6731000.0 0 0 0 0
1.0388556402911369e-13 6731000.0 0 0 0 0
1.0402032230859443e-13 6731000.0 0 0 0 0
1.0415508063212468e-13 6731000.0 0 0 0 0
1.0428983899970442e-13 6731000.0 0 0 0 0
1.0442459741133371e-13 6731000.0 0 0 0 0
1.0455935586701253e-13 6731000.0 0 0 0 0
1.0469411436674093e-13 6731000.0 0 0 0 0
1.048288729105189e-13 6731000.0 0 0 0 0
1.0496363149834645e-13 6731000.0 0 0 0 0
1.0509839013022362e-13 6731000.0 0 0 0 0
1.052331488061504e-13 6731000.0 0 0 0 0
1.0536790752612682e-13 6731000.0 0 0 0 0
1.0550266629015288e-13 6731000.0 0 0 0 0
1.056374250982286e-13 6731000.0 0 0 0 0
1.05772183950354e-13 6731000.0 0 0 0 0
1.059069428465291e-13 6731000.0 0 0 0 0
1.060417017867539e-13 6731000.0 0 0 0 0
1.0617646077102841e-13 6731000.0 0 0 0 0
1.0631121979935265e-13 6731000.0 0 0 0 0
1.0644597887172665e-13 6731000.0 0 0 0 0
1.065807379881504e-13 6731000.0 0 0 0 0
1.0671549714862394e-13 6731000.0 0 0 0 0
1.0685025635314726e-13 6731000.0 0 0 0 0
1.069850156017204e-13 6731000.0 0 0 0 0
1.0711977489434335e-13 6731000.0 0 0 0 0
1.0725453423101615e-13 6731000.0 0 0 0 0
1.0738929361173878e-13 6731000.0 0 0 0 0
1.0752405303651127e-13 6731000.0 0 0 0 0
1.0765881250533365e-13 6731000.0 0 0 0 0
1.0779357201820591e-13 6731000.0 0 0 0 0
1.079283315751281e-13 6731000.0 0 0 0 0
1.0806309117610019e-13 6731000.0 0 0 0 0
1.081978508211222e-13 6731000.0 0 0 0 0
1.0833261051019419e-13 6731000.0 0 0 0 0
1.0846737024331613e-13 6731000.0 0 0 0 0
1.0860213002048805e-13 6731000.0 0 0 0 0
1.0873688984170996e-13 6731000.0 0 0 0 0
1.088716497069819e-13 6731000.0 0 0 0 0
1.0900640961630385e-13 6731000.0 0 0 0 0
1.0914116956967584e-13 6731000.0 0 0 0 0
1.0927592956709786e-13 6731000.0 0 0 0 0
1.0941068960856997e-13 6731000.0 0 0 0 0
1.0954544969409214e-13 6731000.0 0 0 0 0
1.0968020982366443e-13 6731000.0 0 0 0 0
1.0981496999728681e-13 6731000.0 0 0 0 0
1.0994973021495932e-13 6731000.0 0 0 0 0
1.1008449047668196e-13 6731000.0 0 0 0 0
1.1021925078245475e-13 6731000.0 0 0 0 0
1.1035401113227772e-13 6731000.0 0 0 0 0
1.1048877152615087e-13 6731000.0 0 0 0 0
1.1062353196407421e-13 6731000.0 0 0 0 0
1.1075829244604775e-13 6731000.0 0 0 0 0
1.1089305297207152e-13 6731000.0 0 0 0 0
1.1102781354214552e-13 6731000.0 0 0 0 0
1.1116257415626977e-13 6731000.0 0 0 0 0
1.112973348144443e-13 6731000.0 0 0 0 0
1.1143209551666909e-13 6731000.0 0 0 0 0
1.1156685626294419e-13 6731000.0 0 0 0 0
1.1170161705326958e-13 6731000.0 0 0 0 0
1.1183637788764532e-13 6731000.0 0 0 0 0
1.1197113876607138e-13 6731000.0 0 0 0 0
1.1210589968854779e-13 6731000.0 0 0 0 0
1.1224066065507458e-13 6731000.0 0 0 0 0
1.1237542166565174e-13 6731000.0 0 0 0 0
1.125101827202793e-13 6731000.0 0 0 0 0
1.1264494381895729e-13 6731000.0 0 0 0 0
1.1277970496168569e-13 6731000.0 0 0 0 0
1.1291446614846453e-13 6731000.0 0 0 0 0
1.1304922737929382e-13 6731000.0 0 0 0 0
1.1318398865417358e-13 6731000.0 0 0 0 0
1.1331874997310382e-13 6731000.0 0 0 0 0
1.1345351133608455e-13 6731000.0 0 0 0 0
1.135882727431158e-13 6731000.0 0 0 0 0
1.1372303419419755e-13 6731000.0 0 0 0 0
1.138577956893299e-13 6731000.0 0 0 0 0
1.1399255722851275e-13 6731000.0 0 0 0 0
1.141273188117462e-13 6731000.0 0 0 0 0
1.1426208043903024e-13 6731000.0 0 0 0 0
1.1439684211036484e-13 6731000.0 0 0 0 0
1.1453160382575007e-13 6731000.0 0 0 0 0
1.1466636558518593e-13 6731000.0 0 0 0 0
1.1480112738867243e-13 6731000.0 0 0 0 0
1.1493588923620958e-13 6731000.0 0 0 0 0
1.150706511277974e-13 6731000.0 0 0 0 0
1.152054130634359e-13 6731000.0 0 0 0 0
1.1534017504312514e-13 6731000.0 0 0 0 0
1.1547493706686506e-13 6731000.0 0 0 0 0
1.1560969913465571e-13 6731000.0 0 0 0 0
1.157444612464971e-13 6731000.0 0 0 0 0
1.1587922340238924e-13 6731000.0 0 0 0 0
1.1601398560233217e-13 6731000.0 0 0 0 0
1.1614874784632587e-13 6731000.0 0 0 0 0
1.1628351013437037e-13 6731000.0 0 0 0 0
1.1641827246646568e-13 6731000.0 0 0 0 0
1.165530348426118e-13 6731000.0 0 0 0 0
1.1668779726280881e-13 6731000.0 0 0 0 0
1.1682255972705665e-13 6731000.0 0 0 0 0
1.1695732223535535e-13 6731000.0 0 0 0 0
1.1709208478770497e-13 6731000.0 0 0 0 0
1.1722684738410545e-13 6731000.0 0 0 0 0
1.1736161002455687e-13 6731000.0 0 0 0 0
1.174963727090592e-13 6731000.0 0 0 0 0
1.176311354376125e-13 6731000.0 0 0 0 0
1.1776589821021675e-13 6731000.0 0 0 0 0
1.1790066102687197e-13 6731000.0 0 0 0 0
1.1803542388757817e-13 6731000.0 0 0 0 0
1.1817018679233537e-13 6731000.0 0 0 0 0
1.1830494974114358e-13 6731000.0 0 0 0 0
1.184397127340028e-13 6731000.0 0 0 0 0
1.185744757709131e-13 6731000.0 0 0 0 0
1.1870923885187444e-13 6731000.0 0 0 0 0
1.1884400197688686e-13 6731000.0 0 0 0 0
1.1897876514595038e-13 6731000.0 0 0 0 0
1.1911352835906498e-13 6731000.0 0 0 0 0
1.192482916162307e-13 6731000.0 0 0 0 0
1.1938305491744757e-13 6731000.0 0 0 0 0
1.1951781826271558e-13 6731000.0 0 0 0 0
1.1965258165203474e-13 6731000.0 0 0 0 0
1.1978734508540507e-13 6731000.0 0 0 0 0
1.199221085628266e-13 6731000.0 0 0 0 0
1.2005687208429932e-13 6731000.0 0 0 0 0
1.2019163564982325e-13 6731000.0 0 0 0 0
1.2032639925939842e-13 6731000.0 0 0 0 0
1.2046116291302484e-13 6731000.0 0 0 0 0
1.2059592661070251e-13 6731000.0 0 0 0 0
1.2073069035243147e-13 6731000.0 0 0 0 0
1.208654541382117e-13 6731000.0 0 0 0 0
1.2100021796804325e-13 6731000.0 0 0 0 0
1.2113498184192612e-13 6731000.0 0 0 0 0
1.2126974575986032e-13 6731000.0 0 0 0 0
1.2140450972184585e-13 6731000.0 0 0 0 0
1.2153927372788274e-13 6731000.0 0 0 0 0
1.2167403777797104e-13 6731000.0 0 0 0 0
1.2180880187211072e-13 6731000.0 0 0 0 0
1.2194356601030178e-13 6731000.0 0 0 0 0
1.2207833019254427e-13 6731000.0 0 0 0 0
1.222130944188382e-13 6731000.0 0 0 0 0
1.2234785868918357e-13 6731000.0 0 0 0 0
1.224826230035804e-13 6731000.0 0 0 0 0
1.2261738736202873e-13 6731000.0 0 0 0 0
1.2275215176452853e-13 6731000.0 0 0 0 0
1.2288691621107984e-13 6731000.0 0 0 0 0
1.2302168070168265e-13 6731000.0 0 0 0 0
1.23156445236337e-13 6731000.0 0 0 0 0
1.232912098150429e-13 6731000.0 0 0 0 0
1.2342597443780037e-13 6731000.0 0 0 0 0
1.2356073910460942e-13 6731000.0 0 0 0 0
1.2369550381547006e-13 6731000.0 0 0 0 0
1.238302685703823e-13 6731000.0 0 0 0 0
1.2396503336934615e-13 6731000.0 0 0 0 0
1.2409979821236163e-13 6731000.0 0 0 0 0
1.2423456309942877e-13 6731000.0 0 0 0 0
1.2436932803054757e-13 6731000.0 0 0 0 0
1.2450409300571806e-13 6731000.0 0 0 0 0
1.2463885802494025e-13 6731000.0 0 0 0 0
1.2477362308821413e-13 6731000.0 0 0 0 0
1.2490838819553974e-13 6731000.0 0 0 0 0
1.250431533469171e-13 6731000.0 0 0 0 0
1.251779185423462e-13 6731000.0 0 0 0 0
1.2531268378182704e-13 6731000.0 0 0 0 0
1.254474490653597e-13 6731000.0 0 0 0 0
1.255822143929441e-13 6731000.0 0 0 0 0
1.2571697976458034e-13 6731000.0 0 0 0 0
1.258517451802684e-13 6731000.0 0 0 0 0
1.259865106400083e-13 6731000.0 0 0 0 0
1.2612127614380002e-13 6731000.0 0 0 0 0
1.2625604169164361e-13 6731000.0 0 0 0 0
1.263908072835391e-13 6731000.0 0 0 0 0
1.2652557291948646e-13 6731000.0 0 0 0 0
1.2666033859948576e-13 6731000.0 0 0 0 0
1.2679510432353697e-13 6731000.0 0 0 0 0
1.2692987009164012e-13 6731000.0 0 0 0 0
1.270646359037952e-13 6731000.0 0 0 0 0
1.2719940176000228e-13 6731000.0 0 0 0 0
1.2733416766026132e-13 6731000.0 0 0 0 0
1.2746893360457234e-13 6731000.0 0 0 0 0
1.2760369959293538e-13 6731000.0 0 0 0 0
1.2773846562535045e-13 6731000.0 0 0 0 0
1.2787323170181756e-13 6731000.0 0 0 0 0
1.2800799782233673e-13 6731000.0 0 0 0 0
1.2814276398690794e-13 6731000.0 0 0 0 0
1.2827753019553124e-13 6731000.0 0 0 0 0
1.2841229644820663e-13 6731000.0 0 0 0 0
1.2854706274493416e-13 6731000.0 0 0 0 0
1.286818290857138e-13 6731000.0 0 0 0 0
1.2881659547054557e-13 6731000.0 0 0 0 0
1.289513618994295e-13 6731000.0 0 0 0 0
1.290861283723656e-13 6731000.0 0 0 0 0
1.2922089488935386e-13 6731000.0 0 0 0 0
1.2935566145039435e-13 6731000.0 0 0 0 0
1.2949042805548705e-13 6731000.0 0 0 0 0
1.2962519470463196e-13 6731000.0 0 0 0 0
1.2975996139782911e-13 6731000.0 0 0 0 0
1.298947281350785e-13 6731000.0 0 0 0 0
1.3002949491638019e-13 6731000.0 0 0 0 0
1.3016426174173413e-13 6731000.0 0 0 0 0
1.302990286111404e-13 6731000.0 0 0 0 0
1.3043379552459895e-13 6731000.0 0 0 0 0
1.3056856248210984e-13 6731000.0 0 0 0 0
1.3070332948367308e-13 6731000.0 0 0 0 0
1.3083809652928865e-13 6731000.0 0 0 0 0
1.309728636189566e-13 6731000.0 0 0 0 0
1.3110763075267692e-13 6731000.0 0 0 0 0
1.3124239793044964e-13 6731000.0 0 0 0 0
1.3137716515227478e-13 6731000.0 0 0 0 0
1.3151193241815236e-13 6731000.0 0 0 0 0
1.3164669972808239e-13 6731000.0 0 0 0 0
1.3178146708206485e-13 6731000.0 0 0 0 0
1.3191623448009978e-13 6731000.0 0 0 0 0
1.3205100192218718e-13 6731000.0 0 0 0 0
1.321857694083271e-13 6731000.0 0 0 0 0
1.3232053693851952e-13 6731000.0 0 0 0 0
1.324553045127645e-13 6731000.0 0 0 0 0
1.32590072131062e-13 6731000.0 0 0 0 0
1.3272483979341205e-13 6731000.0 0 0 0 0
1.3285960749981467e-13 6731000.0 0 0 0 0
1.329943752502699e-13 6731000.0 0 0 0 0
1.331291430447777e-13 6731000.0 0 0 0 0
1.3326391088333814e-13 6731000.0 0 0 0 0
1.333986787659512e-13 6731000.0 0 0 0 0
1.3353344669261688e-13 6731000.0 0 0 0 0
1.3366821466333522e-13 6731000.0 0 0 0 0
1.3380298267810625e-13 6731000.0 0 0 0 0
1.3393775073692995e-13 6731000.0 0 0 0 0
1.3407251883980634e-13 6731000.0 0 0 0 0
1.3420728698673545e-13 6731000.0 0 0 0 0
1.343420551777173e-13 6731000.0 0 0 0 0
1.344768234127519e-13 6731000.0 0 0 0 0
1.3461159169183923e-13 6731000.0 0 0 0 0
1.3474636001497935e-13 6731000.0 0 0 0 0
1.3488112838217226e-13 6731000.0 0 0 0 0
1.3501589679341797e-13 6731000.0 0 0 0 0
1.351506652487165e-13 6731000.0 0 0 0 0
1.3528543374806784e-13 6731000.0 0 0 0 0
1.3542020229147203e-13 6731000.0 0 0 0 0
1.3555497087892907e-13 6731000.0 0 0 0 0
1.35689739510439e-13 6731000.0 0 0 0 0
1.358245081860018e-13 6731000.0 0 0 0 0
1.3595927690561753e-13 6731000.0 0 0 0 0
1.3609404566928618e-13 6731000.0 0 0 0 0
1.3622881447700775e-13 6731000.0 0 0 0 0
1.3636358332878223e-13 6731000.0 0 0 0 0
1.364983522246097e-13 6731000.0 0 0 0 0
1.3663312116449015e-13 6731000.0 0 0 0 0
1.3676789014842358e-13 6731000.0 0 0 0 0
1.3690265917641e-13 6731000.0 0 0 0 0
1.3703742824844946e-13 6731000.0 0 0 0 0
1.3717219736454193e-13 6731000.0 0 0 0 0
1.3730696652468744e-13 6731000.0 0 0 0 0
1.3744173572888603e-13 6731000.0 0 0 0 0
1.375765049771377e-13 6731000.0 0 0 0 0
1.3771127426944246e-13 6731000.0 0 0 0 0
1.378460436058003e-13 6731000.0 0 0 0 0
1.3798081298621127e-13 6731000.0 0 0 0 0
1.3811558241067538e-13 6731000.0 0 0 0 0
1.3825035187919263e-13 6731000.0 0 0 0 0
1.3838512139176304e-13 6731000.0 0 0 0 0
1.385198909483866e-13 6731000.0 0 0 0 0
1.3865466054906339e-13 6731000.0 0 0 0 0
1.3878943019379336e-13 6731000.0 0 0 0 0
1.3892419988257653e-13 6731000.0 0 0 0 0
1.3905896961541295e-13 6731000.0 0 0 0 0
1.3919373939230262e-13 6731000.0 0 0 0 0
1.3932850921324557e-13 6731000.0 0 0 0 0
1.394632790782418e-13 6731000.0 0 0 0 0
1.3959804898729128e-13 6731000.0 0 0 0 0
1.397328189403941e-13 6731000.0 0 0 0 0
1.3986758893755022e-13 6731000.0 0 0 0 0
1.400023589787597e-13 6731000.0 0 0 0 0
1.4013712906402251e-13 6731000.0 0 0 0 0
1.4027189919333869e-13 6731000.0 0 0 0 0
1.4040666936670823e-13 6731000.0 0 0 0 0
1.4054143958413118e-13 6731000.0 0 0 0 0
1.4067620984560753e-13 6731000.0 0 0 0 0
1.4081098015113728e-13 6731000.0 0 0 0 0
1.4094575050072048e-13 6731000.0 0 0 0 0
1.4108052089435713e-13 6731000.0 0 0 0 0
1.4121529133204726e-13 6731000.0 0 0 0 0
1.4135006181379083e-13 6731000.0 0 0 0 0
1.4148483233958792e-13 6731000.0 0 0 0 0
1.416196029094385e-13 6731000.0 0 0 0 0
1.417543735233426e-13 6731000.0 0 0 0 0
1.4188914418130025e-13 6731000.0 0 0 0 0
1.4202391488331144e-13 6731000.0 0 0 0 0
1.4215868562937618e-13 6731000.0 0 0 0 0
1.4229345641949452e-13 6731000.0 0 0 0 0
1.4242822725366647e-13 6731000.0 0 0 0 0
1.42562998131892e-13 6731000.0 0 0 0 0
1.4269776905417115e-13 6731000.0 0 0 0 0
1.4283254002050393e-13 6731000.0 0 0 0 0
1.4296731103089036e-13 6731000.0 0 0 0 0
1.4310208208533047e-13 6731000.0 0 0 0 0
1.4323685318382426e-13 6731000.0 0 0 0 0
1.4337162432637173e-13 6731000.0 0 0 0 0
1.435063955129729e-13 6731000.0 0 0 0 0
1.436411667436278e-13 6731000.0 0 0 0 0
1.4377593801833647e-13 6731000.0 0 0 0 0
1.4391070933709888e-13 6731000.0 0 0 0 0
1.4404548069991504e-13 6731000.0 0 0 0 0
1.4418025210678499e-13 6731000.0 0 0 0 0
1.4431502355770873e-13 6731000.0 0 0 0 0
1.4444979505268626e-13 6731000.0 0 0 0 0
1.4458456659171765e-13 6731000.0 0 0 0 0
1.4471933817480286e-13 6731000.0 0 0 0 0
1.4485410980194193e-13 6731000.0 0 0 0 0
1.4498888147313485e-13 6731000.0 0 0 0 0
1.4512365318838166e-13 6731000.0 0 0 0 0
1.4525842494768237e-13 6731000.0 0 0 0 0
1.4539319675103699e-13 6731000.0 0 0 0 0
1.455279685984455e-13 6731000.0 0 0 0 0
1.4566274048990799e-13 6731000.0 0 0 0 0
1.4579751242542442e-13 6731000.0 0 0 0 0
1.459322844049948e-13 6731000.0 0 0 0 0
1.4606705642861918e-13 6731000.0 0 0 0 0
1.4620182849629756e-13 6731000.0 0 0 0 0
1.4633660060802995e-13 6731000.0 0 0 0 0
1.4647137276381636e-13 6731000.0 0 0 0 0
1.466061449636568e-13 6731000.0 0 0 0 0
1.4674091720755132e-13 6731000.0 0 0 0 0
1.4687568949549988e-13 6731000.0 0 0 0 0
1.4701046182750253e-13 6731000.0 0 0 0 0
1.4714523420355928e-13 6731000.0 0 0 0 0
1.4728000662367014e-13 6731000.0 0 0 0 0
1.4741477908783513e-13 6731000.0 0 0 0 0
1.4754955159605426e-13 6731000.0 0 0 0 0
1.4768432414832755e-13 6731000.0 0 0 0 0
1.47819096744655e-13 6731000.0 0 0 0 0
1.4795386938503662e-13 6731000.0 0 0 0 0
1.4808864206947245e-13 6731000.0 0 0 0 0
1.482234147979625e-13 6731000.0 0 0 0 0
1.4835818757050675e-13 6731000.0 0 0 0 0
1.4849296038710526e-13 6731000.0 0 0 0 0
1.4862773324775803e-13 6731000.0 0 0 0 0
1.4876250615246506e-13 6731000.0 0 0 0 0
1.4889727910122637e-13 6731000.0 0 0 0 0
1.49032052094042e-13 6731000.0 0 0 0 0
1.4916682513091193e-13 6731000.0 0 0 0 0
1.493015982118362e-13 6731000.0 0 0 0 0
1.494363713368148e-13 6731000.0 0 0 0 0
1.4957114450584776e-13 6731000.0 0 0 0 0
1.4970591771893509e-13 6731000.0 0 0 0 0
1.498406909760768e-13 6731000.0 0 0 0 0
1.499754642772729e-13 6731000.0 0 0 0 0
1.5011023762252344e-13 6731000.0 0 0 0 0
1.502450110118284e-13 6731000.0 0 0 0 0
1.5037978444518778e-13 6731000.0 0 0 0 0
1.5051455792260162e-13 6731000.0 0 0 0 0
1.5064933144406994e-13 6731000.0 0 0 0 0
1.5078410500959275e-13 6731000.0 0 0 0 0
1.5091887861917005e-13 6731000.0 0 0 0 0
1.5105365227280188e-13 6731000.0 0 0 0 0
1.5118842597048822e-13 6731000.0 0 0 0 0
1.513231997122291e-13 6731000.0 0 0 0 0
1.5145797349802457e-13 6731000.0 0 0 0 0
1.5159274732787458e-13 6731000.0 0 0 0 0
1.517275212017792e-13 6731000.0 0 0 0 0
1.518622951197384e-13 6731000.0 0 0 0 0
1.5199706908175222e-13 6731000.0 0 0 0 0
1.5213184308782067e-13 6731000.0 0 0 0 0
1.5226661713794377e-13 6731000.0 0 0 0 0
1.5240139123212152e-13 6731000.0 0 0 0 0
1.5253616537035394e-13 6731000.0 0 0 0 0
1.5267093955264105e-13 6731000.0 0 0 0 0
1.5280571377898287e-13 6731000.0 0 0 0 0
1.529404880493794e-13 6731000.0 0 0 0 0
1.5307526236383067e-13 6731000.0 0 0 0 0
1.5321003672233669e-13 6731000.0 0 0 0 0
1.5334481112489746e-13 6731000.0 0 0 0 0
1.53479585571513e-13 6731000.0 0 0 0 0
1.5361436006218333e-13 6731000.0 0 0 0 0
1.5374913459690845e-13 6731000.0 0 0 0 0
1.538839091756884e-13 6731000.0 0 0 0 0
1.5401868379852318e-13 6731000.0 0 0 0 0
1.5415345846541281e-13 6731000.0 0 0 0 0
1.5428823317635732e-13 6731000.0 0 0 0 0
1.5442300793135666e-13 6731000.0 0 0 0 0
1.545577827304109e-13 6731000.0 0 0 0 0
1.5469255757352004e-13 6731000.0 0 0 0 0
1.548273324606841e-13 6731000.0 0 0 0 0
1.549621073919031e-13 6731000.0 0 0 0 0
1.5509688236717705e-13 6731000.0 0 0 0 0
1.5523165738650596e-13 6731000.0 0 0 0 0
1.5536643244988983e-13 6731000.0 0 0 0 0
1.555012075573287e-13 6731000.0 0 0 0 0
1.5563598270882258e-13 6731000.0 0 0 0 0
1.5577075790437148e-13 6731000.0 0 0 0 0
1.5590553314397542e-13 6731000.0 0 0 0 0
1.560403084276344e-13 6731000.0 0 0 0 0
1.5617508375534846e-13 6731000.0 0 0 0 0
1.5630985912711758e-13 6731000.0 0 0 0 0
1.5644463454294178e-13 6731000.0 0 0 0 0
1.5657941000282109e-13 6731000.0 0 0 0 0
1.567141855067555e-13 6731000.0 0 0 0 0
1.5684896105474507e-13 6731000.0 0 0 0 0
1.5698373664678977e-13 6731000.0 0 0 0 0
1.5711851228288964e-13 6731000.0 0 0 0 0
1.5725328796304468e-13 6731000.0 0 0 0 0
1.5738806368725491e-13 6731000.0 0 0 0 0
1.5752283945552037e-13 6731000.0 0 0 0 0
1.5765761526784104e-13 6731000.0 0 0 0 0
1.5779239112421692e-13 6731000.0 0 0 0 0
1.5792716702464805e-13 6731000.0 0 0 0 0
1.5806194296913448e-13 6731000.0 0 0 0 0
1.5819671895767617e-13 6731000.0 0 0 0 0
1.5833149499027316e-13 6731000.0 0 0 0 0
1.5846627106692545e-13 6731000.0 0 0 0 0
1.5860104718763305e-13 6731000.0 0 0 0 0
1.58735823352396e-13 6731000.0 0 0 0 0
1.5887059956121429e-13 6731000.0 0 0 0 0
1.5900537581408795e-13 6731000.0 0 0 0 0
1.5914015211101698e-13 6731000.0 0 0 0 0
1.592749284520014e-13 6731000.0 0 0 0 0
1.5940970483704125e-13 6731000.0 0 0 0 0
1.5954448126613652e-13 6731000.0 0 0 0 0
1.5967925773928723e-13 6731000.0 0 0 0 0
1.5981403425649339e-13 6731000.0 0 0 0 0
1.59948810817755e-13 6731000.0 0 0 0 0
1.600835874230721e-13 6731000.0 0 0 0 0
1.6021836407244466e-13 6731000.0 0 0 0 0
1.6035314076587275e-13 6731000.0 0 0 0 0
1.6048791750335636e-13 6731000.0 0 0 0 0
1.6062269428489552e-13 6731000.0 0 0 0 0
1.6075747111049023e-13 6731000.0 0 0 0 0
1.6089224798014048e-13 6731000.0 0 0 0 0
1.6102702489384633e-13 6731000.0 0 0 0 0
1.6116180185160777e-13 6731000.0 0 0 0 0
1.6129657885342484e-13 6731000.0 0 0 0 0
1.614313558992975e-13 6731000.0 0 0 0 0
1.6156613298922582e-13 6731000.0 0 0 0 0
1.6170091012320978e-13 6731000.0 0 0 0 0
1.6183568730124942e-13 6731000.0 0 0 0 0
1.6197046452334472e-13 6731000.0 0 0 0 0
1.6210524178949573e-13 6731000.0 0 0 0 0
1.6224001909970243e-13 6731000.0 0 0 0 0
1.6237479645396488e-13 6731000.0 0 0 0 0
1.6250957385228305e-13 6731000.0 0 0 0 0
1.62644351294657e-13 6731000.0 0 0 0 0
1.627791287810867e-13 6731000.0 0 0 0 0
1.6291390631157216e-13 6731000.0 0 0 0 0
1.6304868388611343e-13 6731000.0 0 0 0 0
1.6318346150471053e-13 6731000.0 0 0 0 0
1.6331823916736344e-13 6731000.0 0 0 0 0
1.6345301687407218e-13 6731000.0 0 0 0 0
1.6358779462483677e-13 6731000.0 0 0 0 0
1.6372257241965724e-13 6731000.0 0 0 0 0
1.638573502585336e-13 6731000.0 0 0 0 0
1.6399212814146587e-13 6731000.0 0 0 0 0
1.6412690606845403e-13 6731000.0 0 0 0 0
1.6426168403949813e-13 6731000.0 0 0 0 0
1.6439646205459814e-13 6731000.0 0 0 0 0
1.6453124011375413e-13 6731000.0 0 0 0 0
1.6466601821696607e-13 6731000.0 0 0 0 0
1.6480079636423402e-13 6731000.0 0 0 0 0
1.6493557455555796e-13 6731000.0 0 0 0 0
1.650703527909379e-13 6731000.0 0 0 0 0
1.6520513107037387e-13 6731000.0 0 0 0 0
1.653399093938659e-13 6731000.0 0 0 0 0
1.6547468776141397e-13 6731000.0 0 0 0 0
1.6560946617301812e-13 6731000.0 0 0 0 0
1.6574424462867835e-13 6731000.0 0 0 0 0
1.6587902312839465e-13 6731000.0 0 0 0 0
1.6601380167216708e-13 6731000.0 0 0 0 0
1.6614858025999564e-13 6731000.0 0 0 0 0
1.6628335889188035e-13 6731000.0 0 0 0 0
1.664181375678212e-13 6731000.0 0 0 0 0
1.6655291628781825e-13 6731000.0 0 0 0 0
1.6668769505187147e-13 6731000.0 0 0 0 0
1.6682247385998089e-13 6731000.0 0 0 0 0
1.669572527121465e-13 6731000.0 0 0 0 0
1.6709203160836836e-13 6731000.0 0 0 0 0
1.6722681054864647e-13 6731000.0 0 0 0 0
1.6736158953298082e-13 6731000.0 0 0 0 0
1.6749636856137143e-13 6731000.0 0 0 0 0
1.6763114763381835e-13 6731000.0 0 0 0 0
1.6776592675032154e-13 6731000.0 0 0 0 0
1.6790070591088107e-13 6731000.0 0 0 0 0
1.6803548511549692e-13 6731000.0 0 0 0 0
1.6817026436416912e-13 6731000.0 0 0 0 0
1.6830504365689769e-13 6731000.0 0 0 0 0
1.684398229936826e-13 6731000.0 0 0 0 0
1.6857460237452392e-13 6731000.0 0 0 0 0
1.6870938179942162e-13 6731000.0 0 0 0 0
1.6884416126837575e-13 6731000.0 0 0 0 0
1.689789407813863e-13 6731000.0 0 0 0 0
1.6911372033845332e-13 6731000.0 0 0 0 0
1.6924849993957677e-13 6731000.0 0 0 0 0
1.693832795847567e-13 6731000.0 0 0 0 0
1.6951805927399312e-13 6731000.0 0 0 0 0
1.6965283900728603e-13 6731000.0 0 0 0 0
1.6978761878463548e-13 6731000.0 0 0 0 0
1.6992239860604145e-13 6731000.0 0 0 0 0
1.7005717847150396e-13 6731000.0 0 0 0 0
1.7019195838102304e-13 6731000.0 0 0 0 0
1.7032673833459868e-13 6731000.0 0 0 0 0
1.704615183322309e-13 6731000.0 0 0 0 0
1.7059629837391974e-13 6731000.0 0 0 0 0
1.707310784596652e-13 6731000.0 0 0 0 0
1.708658585894673e-13 6731000.0 0 0 0 0
1.7100063876332602e-13 6731000.0 0 0 0 0
1.7113541898124143e-13 6731000.0 0 0 0 0
1.712701992432135e-13 6731000.0 0 0 0 0
1.7140497954924225e-13 6731000.0 0 0 0 0
1.715397598993277e-13 6731000.0 0 0 0 0
1.716745402934699e-13 6731000.0 0 0 0 0
1.7180932073166882e-13 6731000.0 0 0 0 0
1.7194410121392447e-13 6731000.0 0 0 0 0
1.7207888174023689e-13 6731000.0 0 0 0 0
1.7221366231060608e-13 6731000.0 0 0 0 0
1.7234844292503206e-13 6731000.0 0 0 0 0
1.7248322358351485e-13 6731000.0 0 0 0 0
1.7261800428605445e-13 6731000.0 0 0 0 0
1.7275278503265088e-13 6731000.0 0 0 0 0
1.7288756582330417e-13 6731000.0 0 0 0 0
1.7302234665801432e-13 6731000.0 0 0 0 0
1.7315712753678136e-13 6731000.0 0 0 0 0
1.7329190845960528e-13 6731000.0 0 0 0 0
1.734266894264861e-13 6731000.0 0 0 0 0
1.7356147043742385e-13 6731000.0 0 0 0 0
1.7369625149241852e-13 6731000.0 0 0 0 0
1.7383103259147015e-13 6731000.0 0 0 0 0
1.7396581373457875e-13 6731000.0 0 0 0 0
1.741005949217443e-13 6731000.0 0 0 0 0
1.7423537615296684e-13 6731000.0 0 0 0 0
1.743701574282464e-13 6731000.0 0 0 0 0
1.7450493874758298e-13 6731000.0 0 0 0 0
1.746397201109766e-13 6731000.0 0 0 0 0
1.7477450151842726e-13 6731000.0 0 0 0 0
1.74909282969935e-13 6731000.0 0 0 0 0
1.750440644654998e-13 6731000.0 0 0 0 0
1.751788460051217e-13 6731000.0 0 0 0 0
1.753136275888007e-13 6731000.0 0 0 0 0
1.7544840921653682e-13 6731000.0 0 0 0 0
1.7558319088833007e-13 6731000.0 0 0 0 0
1.7571797260418048e-13 6731000.0 0 0 0 0
1.7585275436408806e-13 6731000.0 0 0 0 0
1.7598753616805282e-13 6731000.0 0 0 0 0
1.7612231801607477e-13 6731000.0 0 0 0 0
1.7625709990815394e-13 6731000.0 0 0 0 0
1.7639188184429031e-13 6731000.0 0 0 0 0
1.7652666382448393e-13 6731000.0 0 0 0 0
1.7666144584873478e-13 6731000.0 0 0 0 0
1.7679622791704292e-13 6731000.0 0 0 0 0
1.7693101002940832e-13 6731000.0 0 0 0 0
1.7706579218583101e-13 6731000.0 0 0 0 0
1.7720057438631102e-13 6731000.0 0 0 0 0
1.7733535663084834e-13 6731000.0 0 0 0 0
1.77470138919443e-13 6731000.0 0 0 0 0
1.7760492125209502e-13 6731000.0 0 0 0 0
1.777397036288044e-13 6731000.0 0 0 0 0
1.7787448604957115e-13 6731000.0 0 0 0 0
1.7800926851439532e-13 6731000.0 0 0 0 0
1.781440510232769e-13 6731000.0 0 0 0 0
1.782788335762159e-13 6731000.0 0 0 0 0
1.7841361617321232e-13 6731000.0 0 0 0 0
1.7854839881426622e-13 6731000.0 0 0 0 0
1.7868318149937756e-13 6731000.0 0 0 0 0
1.7881796422854639e-13 6731000.0 0 0 0 0
1.7895274700177273e-13 6731000.0 0 0 0 0
1.7908752981905656e-13 6731000.0 0 0 0 0
1.7922231268039791e-13 6731000.0 0 0 0 0
1.793570955857968e-13 6731000.0 0 0 0 0
1.7949187853525323e-13 6731000.0 0 0 0 0
1.7962666152876726e-13 6731000.0 0 0 0 0
1.7976144456633887e-13 6731000.0 0 0 0 0
1.7989622764796808e-13 6731000.0 0 0 0 0
1.8003101077365487e-13 6731000.0 0 0 0 0
1.801657939433993e-13 6731000.0 0 0 0 0
1.803005771572014e-13 6731000.0 0 0 0 0
1.804353604150611e-13 6731000.0 0 0 0 0
1.805701437169785e-13 6731000.0 0 0 0 0
1.8070492706295358e-13 6731000.0 0 0 0 0
1.8083971045298635e-13 6731000.0 0 0 0 0
1.8097449388707684e-13 6731000.0 0 0 0 0
1.8110927736522505e-13 6731000.0 0 0 0 0
1.81244060887431e-13 6731000.0 0 0 0 0
1.813788444536947e-13 6731000.0 0 0 0 0
1.8151362806401616e-13 6731000.0 0 0 0 0
1.816484117183954e-13 6731000.0 0 0 0 0
1.8178319541683246e-13 6731000.0 0 0 0 0
1.8191797915932732e-13 6731000.0 0 0 0 0
1.8205276294588003e-13 6731000.0 0 0 0 0
1.8218754677649056e-13 6731000.0 0 0 0 0
1.8232233065115896e-13 6731000.0 0 0 0 0
1.8245711456988522e-13 6731000.0 0 0 0 0
1.8259189853266936e-13 6731000.0 0 0 0 0
1.827266825395114e-13 6731000.0 0 0 0 0
1.8286146659041134e-13 6731000.0 0 0 0 0
1.829962506853692e-13 6731000.0 0 0 0 0
1.8313103482438502e-13 6731000.0 0 0 0 0
1.832658190074588e-13 6731000.0 0 0 0 0
1.8340060323459055e-13 6731000.0 0 0 0 0
1.8353538750578027e-13 6731000.0 0 0 0 0
1.83670171821028e-13 6731000.0 0 0 0 0
1.8380495618033373e-13 6731000.0 0 0 0 0
1.8393974058369751e-13 6731000.0 0 0 0 0
1.8407452503111934e-13 6731000.0 0 0 0 0
1.8420930952259924e-13 6731000.0 0 0 0 0
1.843440940581372e-13 6731000.0 0 0 0 0
1.8447887863773326e-13 6731000.0 0 0 0 0
1.846136632613874e-13 6731000.0 0 0 0 0
1.8474844792909963e-13 6731000.0 0 0 0 0
1.8488323264087e-13 6731000.0 0 0 0 0
1.8501801739669854e-13 6731000.0 0 0 0 0
1.8515280219658523e-13 6731000.0 0 0 0 0
1.8528758704053008e-13 6731000.0 0 0 0 0
1.8542237192853315e-13 6731000.0 0 0 0 0
1.855571568605944e-13 6731000.0 0 0 0 0
1.8569194183671385e-13 6731000.0 0 0 0 0
1.8582672685689154e-13 6731000.0 0 0 0 0
1.8596151192112744e-13 6731000.0 0 0 0 0
1.8609629702942162e-13 6731000.0 0 0 0 0
1.862310821817741e-13 6731000.0 0 0 0 0
1.8636586737818485e-13 6731000.0 0 0 0 0
1.8650065261865393e-13 6731000.0 0 0 0 0
1.8663543790318127e-13 6731000.0 0 0 0 0
1.86770223231767e-13 6731000.0 0 0 0 0
1.8690500860441104e-13 6731000.0 0 0 0 0
1.8703979402111345e-13 6731000.0 0 0 0 0
1.8717457948187425e-13 6731000.0 0 0 0 0
1.873093649866934e-13 6731000.0 0 0 0 0
1.8744415053557098e-13 6731000.0 0 0 0 0
1.8757893612850697e-13 6731000.0 0 0 0 0
1.8771372176550138e-13 6731000.0 0 0 0 0
1.8784850744655424e-13 6731000.0 0 0 0 0
1.8798329317166555e-13 6731000.0 0 0 0 0
1.8811807894083534e-13 6731000.0 0 0 0 0
1.882528647540636e-13 6731000.0 0 0 0 0
1.883876506113504e-13 6731000.0 0 0 0 0
1.885224365126957e-13 6731000.0 0 0 0 0
1.8865722245809954e-13 6731000.0 0 0 0 0
1.8879200844756193e-13 6731000.0 0 0 0 0
1.8892679448108287e-13 6731000.0 0 0 0 0
1.890615805586624e-13 6731000.0 0 0 0 0
1.8919636668030055e-13 6731000.0 0 0 0 0
1.8933115284599726e-13 6731000.0 0 0 0 0
1.894659390557526e-13 6731000.0 0 0 0 0
1.8960072530956657e-13 6731000.0 0 0 0 0
1.8973551160743917e-13 6731000.0 0 0 0 0
1.8987029794937044e-13 6731000.0 0 0 0 0
1.900050843353604e-13 6731000.0 0 0 0 0
1.9013987076540906e-13 6731000.0 0 0 0 0
1.9027465723951642e-13 6731000.0 0 0 0 0
1.904094437576825e-13 6731000.0 0 0 0 0
1.905442303199073e-13 6731000.0 0 0 0 0
1.9067901692619086e-13 6731000.0 0 0 0 0
1.908138035765332e-13 6731000.0 0 0 0 0
1.909485902709343e-13 6731000.0 0 0 0 0
1.9108337700939418e-13 6731000.0 0 0 0 0
1.9121816379191288e-13 6731000.0 0 0 0 0
1.913529506184904e-13 6731000.0 0 0 0 0
1.9148773748912675e-13 6731000.0 0 0 0 0
1.9162252440382196e-13 6731000.0 0 0 0 0
1.9175731136257602e-13 6731000.0 0 0 0 0
1.9189209836538895e-13 6731000.0 0 0 0 0
1.920268854122608e-13 6731000.0 0 0 0 0
1.9216167250319154e-13 6731000.0 0 0 0 0
1.9229645963818121e-13 6731000.0 0 0 0 0
1.9243124681722982e-13 6731000.0 0 0 0 0
1.9256603404033735e-13 6731000.0 0 0 0 0
1.9270082130750384e-13 6731000.0 0 0 0 0
1.9283560861872933e-13 6731000.0 0 0 0 0
1.929703959740138e-13 6731000.0 0 0 0 0
1.9310518337335728e-13 6731000.0 0 0 0 0
1.9323997081675976e-13 6731000.0 0 0 0 0
1.9337475830422132e-13 6731000.0 0 0 0 0
1.9350954583574194e-13 6731000.0 0 0 0 0
1.936443334113216e-13 6731000.0 0 0 0 0
1.9377912103096036e-13 6731000.0 0 0 0 0
1.939139086946582e-13 6731000.0 0 0 0 0
1.9404869640241516e-13 6731000.0 0 0 0 0
1.9418348415423123e-13 6731000.0 0 0 0 0
1.9431827195010646e-13 6731000.0 0 0 0 0
1.9445305979004082e-13 6731000.0 0 0 0 0
1.9458784767403436e-13 6731000.0 0 0 0 0
1.9472263560208706e-13 6731000.0 0 0 0 0
1.9485742357419896e-13 6731000.0 0 0 0 0
1.9499221159037007e-13 6731000.0 0 0 0 0
1.951269996506004e-13 6731000.0 0 0 0 0
1.9526178775488996e-13 6731000.0 0 0 0 0
1.953965759032388e-13 6731000.0 0 0 0 0
1.9553136409564688e-13 6731000.0 0 0 0 0
1.9566615233211425e-13 6731000.0 0 0 0 0
1.958009406126409e-13 6731000.0 0 0 0 0
1.959357289372269e-13 6731000.0 0 0 0 0
1.960705173058722e-13 6731000.0 0 0 0 0
1.9620530571857684e-13 6731000.0 0 0 0 0
1.9634009417534083e-13 6731000.0 0 0 0 0
1.9647488267616417e-13 6731000.0 0 0 0 0
1.9660967122104693e-13 6731000.0 0 0 0 0
1.9674445980998904e-13 6731000.0 0 0 0 0
1.9687924844299058e-13 6731000.0 0 0 0 0
1.9701403712005156e-13 6731000.0 0 0 0 0
1.9714882584117195e-13 6731000.0 0 0 0 0
1.9728361460635182e-13 6731000.0 0 0 0 0
1.9741840341559116e-13 6731000.0 0 0 0 0
1.9755319226888995e-13 6731000.0 0 0 0 0
1.9768798116624828e-13 6731000.0 0 0 0 0
1.978227701076661e-13 6731000.0 0 0 0 0
1.9795755909314346e-13 6731000.0 0 0 0 0
1.9809234812268036e-13 6731000.0 0 0 0 0
1.982271371962768e-13 6731000.0 0 0 0 0
1.983619263139328e-13 6731000.0 0 0 0 0
1.9849671547564842e-13 6731000.0 0 0 0 0
1.9863150468142362e-13 6731000.0 0 0 0 0
1.9876629393125845e-13 6731000.0 0 0 0 0
1.9890108322515287e-13 6731000.0 0 0 0 0
1.9903587256310693e-13 6731000.0 0 0 0 0
1.9917066194512067e-13 6731000.0 0 0 0 0
1.9930545137119407e-13 6731000.0 0 0 0 0
1.9944024084132716e-13 6731000.0 0 0 0 0
1.9957503035551994e-13 6731000.0 0 0 0 0
1.9970981991377245e-13 6731000.0 0 0 0 0
1.998446095160847e-13 6731000.0 0 0 0 0
1.999793991624567e-13 6731000.0 0 0 0 0
2.0011418885288844e-13 6731000.0 0 0 0 0
2.0024897858737992e-13 6731000.0 0 0 0 0
2.003837683659312e-13 6731000.0 0 0 0 0
2.0051855818854228e-13 6731000.0 0 0 0 0
2.0065334805521318e-13 6731000.0 0 0 0 0
2.0078813796594392e-13 6731000.0 0 0 0 0
2.009229279207345e-13 6731000.0 0 0 0 0
2.0105771791958493e-13 6731000.0 0 0 0 0
2.0119250796249523e-13 6731000.0 0 0 0 0
2.0132729804946542e-13 6731000.0 0 0 0 0
2.014620881804955e-13 6731000.0 0 0 0 0
2.0159687835558552e-13 6731000.0 0 0 0 0
2.0173166857473542e-13 6731000.0 0 0 0 0
2.0186645883794532e-13 6731000.0 0 0 0 0
2.0200124914521515e-13 6731000.0 0 0 0 0
2.0213603949654495e-13 6731000.0 0 0 0 0
2.0227082989193473e-13 6731000.0 0 0 0 0
2.0240562033138454e-13 6731000.0 0 0 0 0
2.0254041081489435e-13 6731000.0 0 0 0 0
2.026752013424642e-13 6731000.0 0 0 0 0
2.028099919140941e-13 6731000.0 0 0 0 0
2.0294478252978407e-13 6731000.0 0 0 0 0
2.030795731895341e-13 6731000.0 0 0 0 0
2.0321436389334418e-13 6731000.0 0 0 0 0
2.0334915464121437e-13 6731000.0 0 0 0 0
2.034839454331447e-13 6731000.0 0 0 0 0
2.0361873626913513e-13 6731000.0 0 0 0 0
2.0375352714918573e-13 6731000.0 0 0 0 0
2.038883180732965e-13 6731000.0 0 0 0 0
2.0402310904146746e-13 6731000.0 0 0 0 0
2.0415790005369857e-13 6731000.0 0 0 0 0
2.042926911099899e-13 6731000.0 0 0 0 0
2.0442748221034145e-13 6731000.0 0 0 0 0
2.045622733547532e-13 6731000.0 0 0 0 0
2.0469706454322522e-13 6731000.0 0 0 0 0
2.048318557757575e-13 6731000.0 0 0 0 0
2.0496664705235006e-13 6731000.0 0 0 0 0
2.0510143837300293e-13 6731000.0 0 0 0 0
2.0523622973771607e-13 6731000.0 0 0 0 0
2.0537102114648955e-13 6731000.0 0 0 0 0
2.0550581259932332e-13 6731000.0 0 0 0 0
2.0564060409621744e-13 6731000.0 0 0 0 0
2.0577539563717192e-13 6731000.0 0 0 0 0
2.0591018722218683e-13 6731000.0 0 0 0 0
2.060449788512621e-13 6731000.0 0 0 0 0
2.0617977052439776e-13 6731000.0 0 0 0 0
2.0631456224159387e-13 6731000.0 0 0 0 0
2.064493540028504e-13 6731000.0 0 0 0 0
2.0658414580816737e-13 6731000.0 0 0 0 0
2.0671893765754478e-13 6731000.0 0 0 0 0
2.0685372955098271e-13 6731000.0 0 0 0 0
2.0698852148848112e-13 6731000.0 0 0 0 0
2.0712331347004001e-13 6731000.0 0 0 0 0
2.0725810549565943e-13 6731000.0 0 0 0 0
2.0739289756533942e-13 6731000.0 0 0 0 0
2.0752768967907992e-13 6731000.0 0 0 0 0
2.07662481836881e-13 6731000.0 0 0 0 0
2.0779727403874264e-13 6731000.0 0 0 0 0
2.079320662846649e-13 6731000.0 0 0 0 0
2.0806685857464775e-13 6731000.0 0 0 0 0
2.0820165090869123e-13 6731000.0 0 0 0 0
2.0833644328679533e-13 6731000.0 0 0 0 0
2.084712357089601e-13 6731000.0 0 0 0 0
2.0860602817518555e-13 6731000.0 0 0 0 0
2.0874082068547164e-13 6731000.0 0 0 0 0
2.0887561323981843e-13 6731000.0 0 0 0 0
2.0901040583822593e-13 6731000.0 0 0 0 0
2.0914519848069414e-13 6731000.0 0 0 0 0
2.0927999116722311e-13 6731000.0 0 0 0 0
2.094147838978128e-13 6731000.0 0 0 0 0
2.0954957667246328e-13 6731000.0 0 0 0 0
2.0968436949117452e-13 6731000.0 0 0 0 0
2.0981916235394656e-13 6731000.0 0 0 0 0
2.0995395526077942e-13 6731000.0 0 0 0 0
2.100887482116731e-13 6731000.0 0 0 0 0
2.102235412066276e-13 6731000.0 0 0 0 0
2.10358334245643e-13 6731000.0 0 0 0 0
2.1049312732871924e-13 6731000.0 0 0 0 0
2.1062792045585634e-13 6731000.0 0 0 0 0
2.1076271362705434e-13 6731000.0 0 0 0 0
2.1089750684231323e-13 6731000.0 0 0 0 0
2.1103230010163305e-13 6731000.0 0 0 0 0
2.1116709340501382e-13 6731000.0 0 0 0 0
2.1130188675245554e-13 6731000.0 0 0 0 0
2.1143668014395823e-13 6731000.0 0 0 0 0
2.115714735795219e-13 6731000.0 0 0 0 0
2.1170626705914653e-13 6731000.0 0 0 0 0
2.118410605828322e-13 6731000.0 0 0 0 0
2.119758541505789e-13 6731000.0 0 0 0 0
2.1211064776238667e-13 6731000.0 0 0 0 0
2.1224544141825548e-13 6731000.0 0 0 0 0
2.1238023511818534e-13 6731000.0 0 0 0 0
2.1251502886217627e-13 6731000.0 0 0 0 0
2.1264982265022828e-13 6731000.0 0 0 0 0
2.1278461648234145e-13 6731000.0 0 0 0 0
2.129194103585157e-13 6731000.0 0 0 0 0
2.1305420427875112e-13 6731000.0 0 0 0 0
2.1318899824304766e-13 6731000.0 0 0 0 0
2.133237922514054e-13 6731000.0 0 0 0 0
2.134585863038243e-13 6731000.0 0 0 0 0
2.1359338040030442e-13 6731000.0 0 0 0 0
2.1372817454084574e-13 6731000.0 0 0 0 0
2.1386296872544828e-13 6731000.0 0 0 0 0
2.1399776295411208e-13 6731000.0 0 0 0 0
2.1413255722683712e-13 6731000.0 0 0 0 0
2.1426735154362342e-13 6731000.0 0 0 0 0
2.1440214590447102e-13 6731000.0 0 0 0 0
2.1453694030937992e-13 6731000.0 0 0 0 0
2.1467173475835012e-13 6731000.0 0 0 0 0
2.1480652925138166e-13 6731000.0 0 0 0 0
2.1494132378847451e-13 6731000.0 0 0 0 0
2.1507611836962875e-13 6731000.0 0 0 0 0
2.1521091299484431e-13 6731000.0 0 0 0 0
2.1534570766412128e-13 6731000.0 0 0 0 0
2.1548050237745965e-13 6731000.0 0 0 0 0
2.1561529713485945e-13 6731000.0 0 0 0 0
2.1575009193632065e-13 6731000.0 0 0 0 0
2.158848867818433e-13 6731000.0 0 0 0 0
2.1601968167142743e-13 6731000.0 0 0 0 0
2.1615447660507302e-13 6731000.0 0 0 0 0
2.1628927158278009e-13 6731000.0 0 0 0 0
2.1642406660454865e-13 6731000.0 0 0 0 0
2.1655886167037873e-13 6731000.0 0 0 0 0
2.1669365678027036e-13 6731000.0 0 0 0 0
2.168284519342235e-13 6731000.0 0 0 0 0
2.1696324713223822e-13 6731000.0 0 0 0 0
2.1709804237431452e-13 6731000.0 0 0 0 0
2.1723283766045239e-13 6731000.0 0 0 0 0
2.1736763299065186e-13 6731000.0 0 0 0 0
2.1750242836491297e-13 6731000.0 0 0 0 0
2.1763722378323565e-13 6731000.0 0 0 0 0
2.1777201924562e-13 6731000.0 0 0 0 0
2.17906814752066e-13 6731000.0 0 0 0 0
2.1804161030257367e-13 6731000.0 0 0 0 0
2.1817640589714303e-13 6731000.0 0 0 0 0
2.183112015357741e-13 6731000.0 0 0 0 0
2.1844599721846689e-13 6731000.0 0 0 0 0
2.1858079294522141e-13 6731000.0 0 0 0 0
2.187155887160377e-13 6731000.0 0 0 0 0
2.188503845309157e-13 6731000.0 0 0 0 0
2.189851803898555e-13 6731000.0 0 0 0 0
2.1911997629285708e-13 6731000.0 0 0 0 0
2.1925477223992044e-13 6731000.0 0 0 0 0
2.1938956823104564e-13 6731000.0 0 0 0 0
2.1952436426623266e-13 6731000.0 0 0 0 0
2.1965916034548151e-13 6731000.0 0 0 0 0
2.1979395646879225e-13 6731000.0 0 0 0 0
2.1992875263616485e-13 6731000.0 0 0 0 0
2.2006354884759935e-13 6731000.0 0 0 0 0
2.2019834510309576e-13 6731000.0 0 0 0 0
2.2033314140265408e-13 6731000.0 0 0 0 0
2.2046793774627434e-13 6731000.0 0 0 0 0
2.2060273413395652e-13 6731000.0 0 0 0 0
2.2073753056570067e-13 6731000.0 0 0 0 0
2.208723270415068e-13 6731000.0 0 0 0 0
2.210071235613749e-13 6731000.0 0 0 0 0
2.2114192012530503e-13 6731000.0 0 0 0 0
2.2127671673329716e-13 6731000.0 0 0 0 0
2.2141151338535134e-13 6731000.0 0 0 0 0
2.2154631008146754e-13 6731000.0 0 0 0 0
2.2168110682164582e-13 6731000.0 0 0 0 0
2.2181590360588617e-13 6731000.0 0 0 0 0
2.2195070043418862e-13 6731000.0 0 0 0 0
2.2208549730655315e-13 6731000.0 0 0 0 0
2.2222029422297982e-13 6731000.0 0 0 0 0
2.2235509118346863e-13 6731000.0 0 0 0 0
2.2248988818801957e-13 6731000.0 0 0 0 0
2.2262468523663267e-13 6731000.0 0 0 0 0
2.2275948232930796e-13 6731000.0 0 0 0 0
2.2289427946604543e-13 6731000.0 0 0 0 0
2.230290766468451e-13 6731000.0 0 0 0 0
2.2316387387170699e-13 6731000.0 0 0 0 0
2.232986711406311e-13 6731000.0 0 0 0 0
2.2343346845361746e-13 6731000.0 0 0 0 0
2.2356826581066608e-13 6731000.0 0 0 0 0
2.2370306321177702e-13 6731000.0 0 0 0 0
2.2383786065695025e-13 6731000.0 0 0 0 0
2.239726581461858e-13 6731000.0 0 0 0 0
2.2410745567948364e-13 6731000.0 0 0 0 0
2.2424225325684382e-13 6731000.0 0 0 0 0
2.2437705087826632e-13 6731000.0 0 0 0 0
2.245118485437512e-13 6731000.0 0 0 0 0
2.2464664625329846e-13 6731000.0 0 0 0 0
2.247814440069081e-13 6731000.0 0 0 0 0
2.2491624180458014e-13 6731000.0 0 0 0 0
2.250510396463146e-13 6731000.0 0 0 0 0
2.2518583753211153e-13 6731000.0 0 0 0 0
2.2532063546197087e-13 6731000.0 0 0 0 0
2.254554334358927e-13 6731000.0 0 0 0 0
2.2559023145387698e-13 6731000.0 0 0 0 0
2.257250295159238e-13 6731000.0 0 0 0 0
2.258598276220331e-13 6731000.0 0 0 0 0
2.2599462577220493e-13 6731000.0 0 0 0 0
2.2612942396643928e-13 6731000.0 0 0 0 0
2.262642222047362e-13 6731000.0 0 0 0 0
2.2639902048709568e-13 6731000.0 0 0 0 0
2.2653381881351772e-13 6731000.0 0 0 0 0
2.266686171840024e-13 6731000.0 0 0 0 0
2.2680341559854964e-13 6731000.0 0 0 0 0
2.269382140571595e-13 6731000.0 0 0 0 0
2.2707301255983202e-13 6731000.0 0 0 0 0
2.2720781110656718e-13 6731000.0 0 0 0 0
2.27342609697365e-13 6731000.0 0 0 0 0
2.274774083322255e-13 6731000.0 0 0 0 0
2.2761220701114873e-13 6731000.0 0 0 0 0
2.2774700573413465e-13 6731000.0 0 0 0 0
2.278818045011833e-13 6731000.0 0 0 0 0
2.2801660331229464e-13 6731000.0 0 0 0 0
2.2815140216746876e-13 6731000.0 0 0 0 0
2.282862010667057e-13 6731000.0 0 0 0 0
2.284210000100054e-13 6731000.0 0 0 0 0
2.2855579899736787e-13 6731000.0 0 0 0 0
2.2869059802879316e-13 6731000.0 0 0 0 0
2.2882539710428126e-13 6731000.0 0 0 0 0
2.2896019622383223e-13 6731000.0 0 0 0 0
2.2909499538744607e-13 6731000.0 0 0 0 0
2.292297945951227e-13 6731000.0 0 0 0 0
2.293645938468623e-13 6731000.0 0 0 0 0
2.2949939314266473e-13 6731000.0 0 0 0 0
2.296341924825301e-13 6731000.0 0 0 0 0
2.2976899186645836e-13 6731000.0 0 0 0 0
2.299037912944496e-13 6731000.0 0 0 0 0
2.300385907665038e-13 6731000.0 0 0 0 0
2.3017339028262094e-13 6731000.0 0 0 0 0
2.303081898428011e-13 6731000.0 0 0 0 0
2.304429894470442e-13 6731000.0 0 0 0 0
2.3057778909535034e-13 6731000.0 0 0 0 0
2.307125887877195e-13 6731000.0 0 0 0 0
2.3084738852415166e-13 6731000.0 0 0 0 0
2.309821883046469e-13 6731000.0 0 0 0 0
2.311169881292052e-13 6731000.0 0 0 0 0
2.3125178799782664e-13 6731000.0 0 0 0 0
2.313865879105112e-13 6731000.0 0 0 0 0
2.315213878672588e-13 6731000.0 0 0 0 0
2.3165618786806954e-13 6731000.0 0 0 0 0
2.3179098791294344e-13 6731000.0 0 0 0 0
2.319257880018805e-13 6731000.0 0 0 0 0
2.320605881348807e-13 6731000.0 0 0 0 0
2.321953883119441e-13 6731000.0 0 0 0 0
2.3233018853307067e-13 6731000.0 0 0 0 0
2.324649887982605e-13 6731000.0 0 0 0 0
2.3259978910751356e-13 6731000.0 0 0 0 0
2.3273458946082986e-13 6731000.0 0 0 0 0
2.328693898582094e-13 6731000.0 0 0 0 0
2.3300419029965217e-13 6731000.0 0 0 0 0
2.331389907851583e-13 6731000.0 0 0 0 0
2.3327379131472766e-13 6731000.0 0 0 0 0
2.3340859188836037e-13 6731000.0 0 0 0 0
2.335433925060564e-13 6731000.0 0 0 0 0
2.336781931678158e-13 6731000.0 0 0 0 0
2.3381299387363856e-13 6731000.0 0 0 0 0
2.3394779462352465e-13 6731000.0 0 0 0 0
2.340825954174741e-13 6731000.0 0 0 0 0
2.34217396255487e-13 6731000.0 0 0 0 0
2.343521971375633e-13 6731000.0 0 0 0 0
2.3448699806370305e-13 6731000.0 0 0 0 0
2.346217990339062e-13 6731000.0 0 0 0 0
2.3475660004817283e-13 6731000.0 0 0 0 0
2.3489140110650293e-13 6731000.0 0 0 0 0
2.3502620220889655e-13 6731000.0 0 0 0 0
2.3516100335535365e-13 6731000.0 0 0 0 0
2.3529580454587427e-13 6731000.0 0 0 0 0
2.354306057804584e-13 6731000.0 0 0 0 0
2.355654070591061e-13 6731000.0 0 0 0 0
2.357002083818173e-13 6731000.0 0 0 0 0
2.3583500974859213e-13 6731000.0 0 0 0 0
2.359698111594305e-13 6731000.0 0 0 0 0
2.3610461261433254e-13 6731000.0 0 0 0 0
2.362394141132982e-13 6731000.0 0 0 0 0
2.3637421565632744e-13 6731000.0 0 0 0 0
2.365090172434203e-13 6731000.0 0 0 0 0
2.366438188745769e-13 6731000.0 0 0 0 0
2.367786205497971e-13 6731000.0 0 0 0 0
2.3691342226908103e-13 6731000.0 0 0 0 0
2.3704822403242867e-13 6731000.0 0 0 0 0
2.3718302583984e-13 6731000.0 0 0 0 0
2.3731782769131507e-13 6731000.0 0 0 0 0
2.374526295868539e-13 6731000.0 0 0 0 0
2.375874315264565e-13 6731000.0 0 0 0 0
2.3772223351012284e-13 6731000.0 0 0 0 0
2.37857035537853e-13 6731000.0 0 0 0 0
2.3799183760964695e-13 6731000.0 0 0 0 0
2.381266397255047e-13 6731000.0 0 0 0 0
2.382614418854263e-13 6731000.0 0 0 0 0
2.3839624408941176e-13 6731000.0 0 0 0 0
2.385310463374611e-13 6731000.0 0 0 0 0
2.386658486295743e-13 6731000.0 0 0 0 0
2.3880065096575136e-13 6731000.0 0 0 0 0
2.389354533459923e-13 6731000.0 0 0 0 0
2.390702557702972e-13 6731000.0 0 0 0 0
2.39205058238666e-13 6731000.0 0 0 0 0
2.393398607510988e-13 6731000.0 0 0 0 0
2.394746633075955e-13 6731000.0 0 0 0 0
2.3960946590815625e-13 6731000.0 0 0 0 0
2.3974426855278097e-13 6731000.0 0 0 0 0
2.3987907124146967e-13 6731000.0 0 0 0 0
2.400138739742224e-13 6731000.0 0 0 0 0
2.4014867675103915e-13 6731000.0 0 0 0 0
2.4028347957192e-13 6731000.0 0 0 0 0
2.404182824368649e-13 6731000.0 0 0 0 0
2.405530853458739e-13 6731000.0 0 0 0 0
2.4068788829894696e-13 6731000.0 0 0 0 0
2.408226912960841e-13 6731000.0 0 0 0 0
2.409574943372854e-13 6731000.0 0 0 0 0
2.410922974225508e-13 6731000.0 0 0 0 0
2.4122710055188034e-13 6731000.0 0 0 0 0
2.4136190372527406e-13 6731000.0 0 0 0 0
2.4149670694273195e-13 6731000.0 0 0 0 0
2.4163151020425403e-13 6731000.0 0 0 0 0
2.4176631350984034e-13 6731000.0 0 0 0 0
2.419011168594909e-13 6731000.0 0 0 0 0
2.4203592025320564e-13 6731000.0 0 0 0 0
2.4217072369098464e-13 6731000.0 0 0 0 0
2.423055271728279e-13 6731000.0 0 0 0 0
2.424403306987355e-13 6731000.0 0 0 0 0
2.425751342687073e-13 6731000.0 0 0 0 0
2.427099378827435e-13 6731000.0 0 0 0 0
2.4284474154084395e-13 6731000.0 0 0 0 0
2.4297954524300873e-13 6731000.0 0 0 0 0
2.431143489892379e-13 6731000.0 0 0 0 0
2.4324915277953144e-13 6731000.0 0 0 0 0
2.433839566138893e-13 6731000.0 0 0 0 0
2.4351876049231163e-13 6731000.0 0 0 0 0
2.436535644147984e-13 6731000.0 0 0 0 0
2.437883683813495e-13 6731000.0 0 0 0 0
2.4392317239196506e-13 6731000.0 0 0 0 0
2.440579764466451e-13 6731000.0 0 0 0 0
2.4419278054538957e-13 6731000.0 0 0 0 0
2.443275846881986e-13 6731000.0 0 0 0 0
2.44462388875072e-13 6731000.0 0 0 0 0
2.4459719310601e-13 6731000.0 0 0 0 0
2.447319973810125e-13 6731000.0 0 0 0 0
2.4486680170007953e-13 6731000.0 0 0 0 0
2.450016060632111e-13 6731000.0 0 0 0 0
2.4513641047040726e-13 6731000.0 0 0 0 0
2.45271214921668e-13 6731000.0 0 0 0 0
2.454060194169933e-13 6731000.0 0 0 0 0
2.4554082395638327e-13 6731000.0 0 0 0 0
2.4567562853983786e-13 6731000.0 0 0 0 0
2.458104331673571e-13 6731000.0 0 0 0 0
2.4594523783894095e-13 6731000.0 0 0 0 0
2.460800425545895e-13 6731000.0 0 0 0 0
2.462148473143027e-13 6731000.0 0 0 0 0
2.4634965211808063e-13 6731000.0 0 0 0 0
2.4648445696592323e-13 6731000.0 0 0 0 0
2.466192618578306e-13 6731000.0 0 0 0 0
2.467540667938027e-13 6731000.0 0 0 0 0
2.4688887177383953e-13 6731000.0 0 0 0 0
2.470236767979411e-13 6731000.0 0 0 0 0
2.471584818661075e-13 6731000.0 0 0 0 0
2.472932869783387e-13 6731000.0 0 0 0 0
2.474280921346347e-13 6731000.0 0 0 0 0
2.4756289733499554e-13 6731000.0 0 0 0 0
2.476977025794212e-13 6731000.0 0 0 0 0
2.4783250786791176e-13 6731000.0 0 0 0 0
2.4796731320046715e-13 6731000.0 0 0 0 0
2.4810211857708743e-13 6731000.0 0 0 0 0
2.482369239977726e-13 6731000.0 0 0 0 0
2.483717294625227e-13 6731000.0 0 0 0 0
2.485065349713377e-13 6731000.0 0 0 0 0
2.486413405242176e-13 6731000.0 0 0 0 0
2.487761461211625e-13 6731000.0 0 0 0 0
2.489109517621724e-13 6731000.0 0 0 0 0
2.4904575744724726e-13 6731000.0 0 0 0 0
2.4918056317638714e-13 6731000.0 0 0 0 0
2.49315368949592e-13 6731000.0 0 0 0 0
2.494501747668619e-13 6731000.0 0 0 0 0
2.4958498062819684e-13 6731000.0 0 0 0 0
2.4971978653359687e-13 6731000.0 0 0 0 0
2.49854592483062e-13 6731000.0 0 0 0 0
2.4998939847659214e-13 6731000.0 0 0 0 0
2.501242045141874e-13 6731000.0 0 0 0 0
2.5025901059584777e-13 6731000.0 0 0 0 0
2.503938167215733e-13 6731000.0 0 0 0 0
2.5052862289136395e-13 6731000.0 0 0 0 0
2.5066342910521975e-13 6731000.0 0 0 0 0
2.5079823536314074e-13 6731000.0 0 0 0 0
2.509330416651269e-13 6731000.0 0 0 0 0
2.510678480111783e-13 6731000.0 0 0 0 0
2.512026544012949e-13 6731000.0 0 0 0 0
2.513374608354767e-13 6731000.0 0 0 0 0
2.5147226731372374e-13 6731000.0 0 0 0 0
2.5160707383603607e-13 6731000.0 0 0 0 0
2.517418804024137e-13 6731000.0 0 0 0 0
2.5187668701285654e-13 6731000.0 0 0 0 0
2.5201149366736475e-13 6731000.0 0 0 0 0
2.5214630036593824e-13 6731000.0 0 0 0 0
2.5228110710857707e-13 6731000.0 0 0 0 0
2.5241591389528124e-13 6731000.0 0 0 0 0
2.525507207260508e-13 6731000.0 0 0 0 0
2.526855276008857e-13 6731000.0 0 0 0 0
2.52820334519786e-13 6731000.0 0 0 0 0
2.529551414827517e-13 6731000.0 0 0 0 0
2.530899484897828e-13 6731000.0 0 0 0 0
2.532247555408793e-13 6731000.0 0 0 0 0
2.5335956263604126e-13 6731000.0 0 0 0 0
2.534943697752687e-13 6731000.0 0 0 0 0
2.5362917695856167e-13 6731000.0 0 0 0 0
2.5376398418592006e-13 6731000.0 0 0 0 0
2.5389879145734395e-13 6731000.0 0 0 0 0
2.5403359877283337e-13 6731000.0 0 0 0 0
2.5416840613238834e-13 6731000.0 0 0 0 0
2.5430321353600885e-13 6731000.0 0 0 0 0
2.544380209836949e-13 6731000.0 0 0 0 0
2.5457282847544656e-13 6731000.0 0 0 0 0
2.547076360112638e-13 6731000.0 0 0 0 0
2.5484244359114664e-13 6731000.0 0 0 0 0
2.549772512150951e-13 6731000.0 0 0 0 0
2.5511205888310924e-13 6731000.0 0 0 0 0
2.5524686659518896e-13 6731000.0 0 0 0 0
2.5538167435133437e-13 6731000.0 0 0 0 0
2.555164821515455e-13 6731000.0 0 0 0 0
2.556512899958223e-13 6731000.0 0 0 0 0
2.557860978841647e-13 6731000.0 0 0 0 0
2.559209058165729e-13 6731000.0 0 0 0 0
2.5605571379304685e-13 6731000.0 0 0 0 0
2.561905218135865e-13 6731000.0 0 0 0 0
2.5632532987819195e-13 6731000.0 0 0 0 0
2.5646013798686317e-13 6731000.0 0 0 0 0
2.5659494613960013e-13 6731000.0 0 0 0 0
2.5672975433640294e-13 6731000.0 0 0 0 0
2.568645625772716e-13 6731000.0 0 0 0 0
2.569993708622061e-13 6731000.0 0 0 0 0
2.571341791912064e-13 6731000.0 0 0 0 0
2.5726898756427254e-13 6731000.0 0 0 0 0
2.574037959814046e-13 6731000.0 0 0 0 0
2.575386044426025e-13 6731000.0 0 0 0 0
2.576734129478664e-13 6731000.0 0 0 0 0
2.578082214971962e-13 6731000.0 0 0 0 0
2.5794303009059186e-13 6731000.0 0 0 0 0
2.5807783872805353e-13 6731000.0 0 0 0 0
2.5821264740958115e-13 6731000.0 0 0 0 0
2.5834745613517477e-13 6731000.0 0 0 0 0
2.584822649048344e-13 6731000.0 0 0 0 0
2.5861707371856e-13 6731000.0 0 0 0 0
2.587518825763516e-13 6731000.0 0 0 0 0
2.5888669147820926e-13 6731000.0 0 0 0 0
2.5902150042413297e-13 6731000.0 0 0 0 0
2.591563094141227e-13 6731000.0 0 0 0 0
2.592911184481786e-13 6731000.0 0 0 0 0
2.594259275263005e-13 6731000.0 0 0 0 0
2.5956073664848857e-13 6731000.0 0 0 0 0
2.5969554581474277e-13 6731000.0 0 0 0 0
2.598303550250631e-13 6731000.0 0 0 0 0
2.599651642794496e-13 6731000.0 0 0 0 0
2.6009997357790225e-13 6731000.0 0 0 0 0
2.602347829204211e-13 6731000.0 0 0 0 0
2.603695923070061e-13 6731000.0 0 0 0 0
2.6050440173765733e-13 6731000.0 0 0 0 0
2.6063921121237477e-13 6731000.0 0 0 0 0
2.6077402073115846e-13 6731000.0 0 0 0 0
2.609088302940084e-13 6731000.0 0 0 0 0
2.6104363990092464e-13 6731000.0 0 0 0 0
2.6117844955190713e-13 6731000.0 0 0 0 0
2.613132592469559e-13 6731000.0 0 0 0 0
2.61448068986071e-13 6731000.0 0 0 0 0
2.615828787692524e-13 6731000.0 0 0 0 0
2.6171768859650015e-13 6731000.0 0 0 0 0
2.618524984678143e-13 6731000.0 0 0 0 0
2.6198730838319473e-13 6731000.0 0 0 0 0
2.621221183426416e-13 6731000.0 0 0 0 0
2.622569283461548e-13 6731000.0 0 0 0 0
2.623917383937345e-13 6731000.0 0 0 0 0
2.625265484853806e-13 6731000.0 0 0 0 0
2.6266135862109317e-13 6731000.0 0 0 0 0
2.6279616880087217e-13 6731000.0 0 0 0 0
2.6293097902471763e-13 6731000.0 0 0 0 0
2.6306578929262953e-13 6731000.0 0 0 0 0
2.6320059960460794e-13 6731000.0 0 0 0 0
2.633354099606529e-13 6731000.0 0 0 0 0
2.6347022036076437e-13 6731000.0 0 0 0 0
2.636050308049424e-13 6731000.0 0 0 0 0
2.6373984129318695e-13 6731000.0 0 0 0 0
2.638746518254981e-13 6731000.0 0 0 0 0
2.6400946240187585e-13 6731000.0 0 0 0 0
2.6414427302232017e-13 6731000.0 0 0 0 0
2.642790836868311e-13 6731000.0 0 0 0 0
2.644138943954087e-13 6731000.0 0 0 0 0
2.645487051480529e-13 6731000.0 0 0 0 0
2.646835159447637e-13 6731000.0 0 0 0 0
2.6481832678554126e-13 6731000.0 0 0 0 0
2.6495313767038546e-13 6731000.0 0 0 0 0
2.6508794859929637e-13 6731000.0 0 0 0 0
2.65222759572274e-13 6731000.0 0 0 0 0
2.6535757058931834e-13 6731000.0 0 0 0 0
2.654923816504294e-13 6731000.0 0 0 0 0
2.6562719275560723e-13 6731000.0 0 0 0 0
2.657620039048518e-13 6731000.0 0 0 0 0
2.6589681509816323e-13 6731000.0 0 0 0 0
2.660316263355414e-13 6731000.0 0 0 0 0
2.661664376169864e-13 6731000.0 0 0 0 0
2.6630124894249826e-13 6731000.0 0 0 0 0
2.6643606031207696e-13 6731000.0 0 0 0 0
2.665708717257225e-13 6731000.0 0 0 0 0
2.6670568318343493e-13 6731000.0 0 0 0 0
2.6684049468521425e-13 6731000.0 0 0 0 0
2.6697530623106043e-13 6731000.0 0 0 0 0
2.671101178209735e-13 6731000.0 0 0 0 0
2.6724492945495355e-13 6731000.0 0 0 0 0
2.6737974113300054e-13 6731000.0 0 0 0 0
2.675145528551145e-13 6731000.0 0 0 0 0
2.676493646212954e-13 6731000.0 0 0 0 0
2.677841764315433e-13 6731000.0 0 0 0 0
2.6791898828585824e-13 6731000.0 0 0 0 0
2.6805380018424017e-13 6731000.0 0 0 0 0
2.681886121266891e-13 6731000.0 0 0 0 0
2.683234241132051e-13 6731000.0 0 0 0 0
2.6845823614378815e-13 6731000.0 0 0 0 0
2.6859304821843826e-13 6731000.0 0 0 0 0
2.687278603371555e-13 6731000.0 0 0 0 0
2.688626724999398e-13 6731000.0 0 0 0 0
2.6899748470679124e-13 6731000.0 0 0 0 0
2.6913229695770983e-13 6731000.0 0 0 0 0
2.6926710925269553e-13 6731000.0 0 0 0 0
2.6940192159174844e-13 6731000.0 0 0 0 0
2.695367339748685e-13 6731000.0 0 0 0 0
2.6967154640205573e-13 6731000.0 0 0 0 0
2.6980635887331017e-13 6731000.0 0 0 0 0
2.699411713886318e-13 6731000.0 0 0 0 0
2.700759839480207e-13 6731000.0 0 0 0 0
2.7021079655147683e-13 6731000.0 0 0 0 0
2.703456091990002e-13 6731000.0 0 0 0 0
2.704804218905909e-13 6731000.0 0 0 0 0
2.706152346262489e-13 6731000.0 0 0 0 0
2.7075004740597413e-13 6731000.0 0 0 0 0
2.708848602297667e-13 6731000.0 0 0 0 0
2.710196730976266e-13 6731000.0 0 0 0 0
2.7115448600955385e-13 6731000.0 0 0 0 0
2.712892989655485e-13 6731000.0 0 0 0 0
2.714241119656105e-13 6731000.0 0 0 0 0
2.715589250097399e-13 6731000.0 0 0 0 0
2.7169373809793674e-13 6731000.0 0 0 0 0
2.718285512302009e-13 6731000.0 0 0 0 0
2.7196336440653257e-13 6731000.0 0 0 0 0
2.7209817762693163e-13 6731000.0 0 0 0 0
2.722329908913982e-13 6731000.0 0 0 0 0
2.7236780419993224e-13 6731000.0 0 0 0 0
2.725026175525338e-13 6731000.0 0 0 0 0
2.726374309492028e-13 6731000.0 0 0 0 0
2.727722443899393e-13 6731000.0 0 0 0 0
2.729070578747434e-13 6731000.0 0 0 0 0
2.7304187140361503e-13 6731000.0 0 0 0 0
2.7317668497655423e-13 6731000.0 0 0 0 0
2.73311498593561e-13 6731000.0 0 0 0 0
2.734463122546354e-13 6731000.0 0 0 0 0
2.7358112595977733e-13 6731000.0 0 0 0 0
2.7371593970898693e-13 6731000.0 0 0 0 0
2.7385075350226415e-13 6731000.0 0 0 0 0
2.7398556733960904e-13 6731000.0 0 0 0 0
2.741203812210216e-13 6731000.0 0 0 0 0
2.742551951465018e-13 6731000.0 0 0 0 0
2.743900091160497e-13 6731000.0 0 0 0 0
2.745248231296653e-13 6731000.0 0 0 0 0
2.7465963718734866e-13 6731000.0 0 0 0 0
2.747944512890997e-13 6731000.0 0 0 0 0
2.7492926543491855e-13 6731000.0 0 0 0 0
2.7506407962480515e-13 6731000.0 0 0 0 0
2.751988938587595e-13 6731000.0 0 0 0 0
2.753337081367817e-13 6731000.0 0 0 0 0
2.7546852245887167e-13 6731000.0 0 0 0 0
2.7560333682502947e-13 6731000.0 0 0 0 0
2.757381512352551e-13 6731000.0 0 0 0 0
2.7587296568954857e-13 6731000.0 0 0 0 0
2.760077801879099e-13 6731000.0 0 0 0 0
2.761425947303392e-13 6731000.0 0 0 0 0
2.762774093168363e-13 6731000.0 0 0 0 0
2.7641222394740136e-13 6731000.0 0 0 0 0
2.7654703862203433e-13 6731000.0 0 0 0 0
2.766818533407352e-13 6731000.0 0 0 0 0
2.7681666810350405e-13 6731000.0 0 0 0 0
2.7695148291034086e-13 6731000.0 0 0 0 0
2.7708629776124564e-13 6731000.0 0 0 0 0
2.7722111265621843e-13 6731000.0 0 0 0 0
2.773559275952592e-13 6731000.0 0 0 0 0
2.77490742578368e-13 6731000.0 0 0 0 0
2.7762555760554486e-13 6731000.0 0 0 0 0
2.777603726767898e-13 6731000.0 0 0 0 0
2.7789518779210275e-13 6731000.0 0 0 0 0
2.7803000295148385e-13 6731000.0 0 0 0 0
2.78164818154933e-13 6731000.0 0 0 0 0
2.782996334024503e-13 6731000.0 0 0 0 0
2.784344486940357e-13 6731000.0 0 0 0 0
2.7856926402968927e-13 6731000.0 0 0 0 0
2.7870407940941095e-13 6731000.0 0 0 0 0
2.788388948332008e-13 6731000.0 0 0 0 0
2.789737103010589e-13 6731000.0 0 0 0 0
2.791085258129851e-13 6731000.0 0 0 0 0
2.792433413689796e-13 6731000.0 0 0 0 0
2.7937815696904226e-13 6731000.0 0 0 0 0
2.795129726131732e-13 6731000.0 0 0 0 0
2.796477883013724e-13 6731000.0 0 0 0 0
2.797826040336398e-13 6731000.0 0 0 0 0
2.799174198099755e-13 6731000.0 0 0 0 0
2.8005223563037954e-13 6731000.0 0 0 0 0
2.801870514948519e-13 6731000.0 0 0 0 0
2.8032186740339255e-13 6731000.0 0 0 0 0
2.8045668335600154e-13 6731000.0 0 0 0 0
2.805914993526789e-13 6731000.0 0 0 0 0
2.807263153934246e-13 6731000.0 0 0 0 0
2.808611314782387e-13 6731000.0 0 0 0 0
2.8099594760712123e-13 6731000.0 0 0 0 0
2.8113076378007217e-13 6731000.0 0 0 0 0
2.812655799970915e-13 6731000.0 0 0 0 0
2.814003962581793e-13 6731000.0 0 0 0 0
2.8153521256333555e-13 6731000.0 0 0 0 0
2.8167002891256027e-13 6731000.0 0 0 0 0
2.8180484530585347e-13 6731000.0 0 0 0 0
2.819396617432152e-13 6731000.0 0 0 0 0
2.8207447822464536e-13 6731000.0 0 0 0 0
2.822092947501441e-13 6731000.0 0 0 0 0
2.823441113197114e-13 6731000.0 0 0 0 0
2.8247892793334725e-13 6731000.0 0 0 0 0
2.826137445910517e-13 6731000.0 0 0 0 0
2.8274856129282467e-13 6731000.0 0 0 0 0
2.8288337803866624e-13 6731000.0 0 0 0 0
2.8301819482857643e-13 6731000.0 0 0 0 0
2.8315301166255524e-13 6731000.0 0 0 0 0
2.8328782854060273e-13 6731000.0 0 0 0 0
2.8342264546271884e-13 6731000.0 0 0 0 0
2.835574624289036e-13 6731000.0 0 0 0 0
2.836922794391571e-13 6731000.0 0 0 0 0
2.8382709649347935e-13 6731000.0 0 0 0 0
2.839619135918703e-13 6731000.0 0 0 0 0
2.8409673073432993e-13 6731000.0 0 0 0 0
2.8423154792085833e-13 6731000.0 0 0 0 0
2.8436636515145546e-13 6731000.0 0 0 0 0
2.845011824261214e-13 6731000.0 0 0 0 0
2.8463599974485613e-13 6731000.0 0 0 0 0
2.847708171076597e-13 6731000.0 0 0 0 0
2.8490563451453205e-13 6731000.0 0 0 0 0
2.850404519654732e-13 6731000.0 0 0 0 0
2.851752694604832e-13 6731000.0 0 0 0 0
2.853100869995621e-13 6731000.0 0 0 0 0
2.854449045827099e-13 6731000.0 0 0 0 0
2.855797222099265e-13 6731000.0 0 0 0 0
2.85714539881212e-13 6731000.0 0 0 0 0
2.8584935759656645e-13 6731000.0 0 0 0 0
2.859841753559898e-13 6731000.0 0 0 0 0
2.8611899315948217e-13 6731000.0 0 0 0 0
2.8625381100704345e-13 6731000.0 0 0 0 0
2.863886288986737e-13 6731000.0 0 0 0 0
2.8652344683437293e-13 6731000.0 0 0 0 0
2.866582648141412e-13 6731000.0 0 0 0 0
2.8679308283797846e-13 6731000.0 0 0 0 0
2.8692790090588477e-13 6731000.0 0 0 0 0
2.8706271901786015e-13 6731000.0 0 0 0 0
2.8719753717390456e-13 6731000.0 0 0 0 0
2.8733235537401805e-13 6731000.0 0 0 0 0
2.8746717361820066e-13 6731000.0 0 0 0 0
2.8760199190645236e-13 6731000.0 0 0 0 0
2.8773681023877313e-13 6731000.0 0 0 0 0
2.8787162861516307e-13 6731000.0 0 0 0 0
2.8800644703562215e-13 6731000.0 0 0 0 0
2.881412655001504e-13 6731000.0 0 0 0 0
2.8827608400874783e-13 6731000.0 0 0 0 0
2.8841090256141444e-13 6731000.0 0 0 0 0
2.8854572115815023e-13 6731000.0 0 0 0 0
2.8868053979895524e-13 6731000.0 0 0 0 0
2.888153584838295e-13 6731000.0 0 0 0 0
2.88950177212773e-13 6731000.0 0 0 0 0
2.890849959857858e-13 6731000.0 0 0 0 0
2.892198148028679e-13 6731000.0 0 0 0 0
2.8935463366401925e-13 6731000.0 0 0 0 0
2.894894525692399e-13 6731000.0 0 0 0 0
2.896242715185299e-13 6731000.0 0 0 0 0
2.8975909051188926e-13 6731000.0 0 0 0 0
2.8989390954931794e-13 6731000.0 0 0 0 0
2.9002872863081595e-13 6731000.0 0 0 0 0
2.9016354775638333e-13 6731000.0 0 0 0 0
2.902983669260201e-13 6731000.0 0 0 0 0
2.904331861397263e-13 6731000.0 0 0 0 0
2.9056800539750193e-13 6731000.0 0 0 0 0
2.90702824699347e-13 6731000.0 0 0 0 0
2.908376440452615e-13 6731000.0 0 0 0 0
2.9097246343524545e-13 6731000.0 0 0 0 0
2.911072828692989e-13 6731000.0 0 0 0 0
2.9124210234742183e-13 6731000.0 0 0 0 0
2.913769218696143e-13 6731000.0 0 0 0 0
2.915117414358763e-13 6731000.0 0 0 0 0
2.916465610462078e-13 6731000.0 0 0 0 0
2.917813807006089e-13 6731000.0 0 0 0 0
2.919162003990795e-13 6731000.0 0 0 0 0
2.9205102014161974e-13 6731000.0 0 0 0 0
2.9218583992822954e-13 6731000.0 0 0 0 0
2.92320659758909e-13 6731000.0 0 0 0 0
2.92455479633658e-13 6731000.0 0 0 0 0
2.9259029955247665e-13 6731000.0 0 0 0 0
2.92725119515365e-13 6731000.0 0 0 0 0
2.9285993952232295e-13 6731000.0 0 0 0 0
2.929947595733506e-13 6731000.0 0 0 0 0
2.9312957966844793e-13 6731000.0 0 0 0 0
2.93264399807615e-13 6731000.0 0 0 0 0
2.933992199908518e-13 6731000.0 0 0 0 0
2.9353404021815833e-13 6731000.0 0 0 0 0
2.9366886048953464e-13 6731000.0 0 0 0 0
2.938036808049807e-13 6731000.0 0 0 0 0
2.9393850116449653e-13 6731000.0 0 0 0 0
2.9407332156808214e-13 6731000.0 0 0 0 0
2.942081420157376e-13 6731000.0 0 0 0 0
2.943429625074629e-13 6731000.0 0 0 0 0
2.94477783043258e-13 6731000.0 0 0 0 0
2.9461260362312296e-13 6731000.0 0 0 0 0
2.947474242470578e-13 6731000.0 0 0 0 0
2.948822449150625e-13 6731000.0 0 0 0 0
2.9501706562713713e-13 6731000.0 0 0 0 0
2.951518863832817e-13 6731000.0 0 0 0 0
2.9528670718349616e-13 6731000.0 0 0 0 0
2.954215280277805e-13 6731000.0 0 0 0 0
2.9555634891613487e-13 6731000.0 0 0 0 0
2.9569116984855916e-13 6731000.0 0 0 0 0
2.958259908250535e-13 6731000.0 0 0 0 0
2.959608118456178e-13 6731000.0 0 0 0 0
2.960956329102521e-13 6731000.0 0 0 0 0
2.962304540189564e-13 6731000.0 0 0 0 0
2.963652751717308e-13 6731000.0 0 0 0 0
2.9650009636857523e-13 6731000.0 0 0 0 0
2.9663491760948977e-13 6731000.0 0 0 0 0
2.9676973889447435e-13 6731000.0 0 0 0 0
2.96904560223529e-13 6731000.0 0 0 0 0
2.970393815966538e-13 6731000.0 0 0 0 0
2.9717420301384875e-13 6731000.0 0 0 0 0
2.9730902447511383e-13 6731000.0 0 0 0 0
2.9744384598044904e-13 6731000.0 0 0 0 0
2.9757866752985444e-13 6731000.0 0 0 0 0
2.9771348912333003e-13 6731000.0 0 0 0 0
2.978483107608758e-13 6731000.0 0 0 0 0
