-149599999999.99408 29783.0
-149599999999.9822 59565.99999999882
-149599999999.96442 89348.99999999529
-149599999999.9407 119131.9999999882
-149599999999.91104 148914.9999999764
-149599999999.87546 178697.99999995867
-149599999999.83392 208480.99999993388
-149599999999.78647 238263.9999999008
-149599999999.7331 268046.9999998583
-149599999999.67377 297829.9999998052
-149599999999.60852 327612.9999997402
-149599999999.53735 357395.9999996623
-149599999999.46024 387178.9999995702
-149599999999.3772 416961.99999946274
-149599999999.28824 446744.99999933876
-149599999999.19333 476527.9999991971
-149599999999.0925 506310.9999990365
-149599999998.98575 536093.9999988559
-149599999998.7485 595659.9999984095
-149599999998.48752 655225.9999978687
-149599999998.20282 714791.999997224
-149599999997.89438 774357.9999964659
-149599999997.56223 833923.999995585
-149599999997.20633 893489.9999945718
-149599999996.82672 953055.999993417
-149599999996.42337 1012621.9999921109
-149599999995.9963 1072187.9999906442
-149599999995.54553 1131753.9999890076
-149599999995.071 1191319.9999871915
-149599999994.57278 1250885.9999851864
-149599999994.0508 1310451.9999829829
-149599999992.912 1429583.9999777447
-149599999991.67825 1548715.9999715996
-149599999990.3496 1667847.999964472
-149599999988.92606 1786979.9999562863
-149599999987.40762 1906111.999946967
-149599999985.79428 2025243.9999364386
-149599999984.08603 2144375.9999246253
-149599999982.28287 2263507.9999114517
-149599999980.38483 2382639.999896842
-149599999978.39188 2501771.999880721
-149599999976.30402 2620903.9998630127
-149599999974.12125 2740035.999843642
-149599999969.3761 2978299.9997979477
-149599999964.25134 3216563.999744696
-149599999958.74698 3454827.9996832823
-149599999952.863 3693091.999613102
-149599999946.59943 3931355.9995335503
-149599999939.95624 4169619.999444023
-149599999932.93344 4407883.999343915
-149599999925.53104 4646147.999232622
-149599999917.74902 4884411.999109539
-149599999909.5874 5122675.9989740625
-149599999901.04617 5360939.998825587
-149599999892.1253 5599203.998663508
-149599999872.76517 6075731.998282518
-149599999851.88657 6552259.99783986
-149599999829.48953 7028787.997330695
-149599999805.57407 7505315.996750189
-149599999780.14014 7981843.996093503
-149599999753.18777 8458371.995355802
-149599999724.71698 8934899.994532248
-149599999694.72772 9411427.993618004
-149599999663.22003 9887955.992608234
-149599999630.1939 10364483.991498102
-149599999595.64932 10841011.990282768
-149599999559.5863 11317539.9889574
-149599999481.38647 12270595.985847168
-149599999397.11288 13223651.982238749
-149599999306.76553 14176707.978093449
-149599999210.3444 15129763.973372573
-149599999107.8495 16082819.968037428
-149599998999.28082 17035875.96204932
-149599998884.63837 17988931.955369554
-149599998763.92215 18941987.947959434
-149599998637.13214 19895043.93978027
-149599998504.26837 20848099.930793364
-149599998365.33084 21801155.920960024
-149599998220.31952 22754211.910241555
-149599998069.23444 23707267.898599263
-149599997742.76917 25613379.87146461
-149599997392.00882 27519491.84017034
-149599997016.95337 29425603.804406893
-149599996617.60284 31331715.76386472
-149599996193.9572 33237827.718234263
-149599995746.0165 35143939.667205974
-149599995273.78073 37050051.610470295
-149599994777.24985 38956163.547717676
-149599994256.4239 40862275.47863857
-149599993711.30283 42768387.402923405
-149599993141.8867 44674499.32026265
-149599992548.17545 46580611.23034674
-149599991930.16913 48486723.13286612
-149599990596.97614 52298946.90640784
-149599989166.60278 56111170.6459761
-149599987639.04907 59923394.349094465
-149599986014.31503 63735618.013286516
-149599984292.40063 67547841.63607582
-149599982473.30588 71360065.21498597
-149599980557.0308 75172288.74754052
-149599978543.57535 78984512.23126306
-149599976432.93958 82796735.66367714
-149599974225.12344 86608959.04230636
-149599971920.12698 90421182.36467429
-149599969517.9502 94233405.62830448
-149599964324.87524 101857851.91070831
-149599958743.07895 109482297.92844415
-149599952772.5613 117106743.6617006
-149599946413.32236 124731189.09066628
-149599939665.36212 132355634.19552976
-149599932528.68057 139980078.95647964
-149599925003.27777 147604523.35370454
-149599917089.15372 155228967.36739305
-149599908786.30844 162853410.9777338
-149599900094.74194 170477854.16491535
-149599891014.45425 178102296.9091263
-149599871298.99423 193351180.54642037
-149599850028.64972 208600062.17409536
-149599827203.4209 223848941.63366017
-149599802823.308 239097818.76662365
-149599776888.31128 254346693.4144947
-149599749398.43094 269595565.41878223
-149599720353.66724 284844434.6209952
-149599689754.02048 300093300.8626426
-149599657599.49094 315342163.9852333
-149599623890.07895 330591023.8302764
-149599588625.78482 345839880.23928094
-149599551806.6089 361088733.053756
-149599471948.73126 391586423.6706245
-149599385871.3308 422084098.0074843
-149599293574.41074 452581754.7964089
-149599195057.97446 483079392.76947224
-149599090322.0257 513577010.6587489
-149598979366.56842 544074607.1963142
-149598862191.60684 574572181.1142442
-149598738797.14542 605069731.1446157
-149598609183.1889 635567256.0195061
-149598473349.7423 666064754.4709941
-149598331296.81088 696562225.2311592
-149598022313.0307 757557050.9145192
-149597688451.37833 818551750.617554
-149597329711.903 879546314.1969244
-149596946094.65814 940540731.5093092
-149596537599.70126 1001534992.4114056
-149596104227.09402 1062529086.7599322
-149595645976.9022 1123523004.41163
-149595162849.1957 1184516735.2232642
-149594654844.04865 1245510269.051626
-149594121961.53915 1306503595.753534
-149593564201.74957 1367496705.1858363
-149592981564.76636 1428489587.205412
-149592374050.68008 1489482231.6691723
-149591741659.58548 1550474628.4340634
-149591084391.5814 1611466767.3570673
-149590402246.7708 1672458638.2952034
-149589695225.26083 1733450231.105531
-149588963327.16272 1794441535.6451497
-149588206552.59186 1855432541.7712026
-149587424901.66776 1916423239.3408763
-149586618374.51404 1977413618.2114046
-149585786971.2585 2038403668.2400682
-149584930692.03308 2099393379.2841978
-149584049536.9738 2160382741.2011747
-149583143506.22083 2221371743.8484335
-149582212599.9185 2282360377.0834627
-149581256818.2152 2343348630.763808
-149580276161.26358 2404336494.7470717
-149579270629.2203 2465323958.890917
-149578240222.24622 2526311013.0530667
-149577184940.5063 2587297647.091308
-149576104784.16962 2648283850.8634925
-149574999753.40942 2709269614.2275367
-149573869848.4031 2770254927.0414267
-149571510542.13196 2892223709.9008083
-149569051741.07077 3014190568.856435
-149566493446.75418 3136155422.774062
-149563835660.78293 3258118190.520614
-149561078384.82385 3380078790.9642363
-149558221620.60992 3502037142.9743485
-149555265369.94022 3623993165.421701
-149552209634.67993 3745946777.178426
-149549054416.76035 3867897897.1180916
-149545799718.17892 3989846444.115758
-149542445540.99915 4111792337.048029
-149538991887.35068 4233735494.7931056
-149535438759.42926 4355675836.230842
-149531786159.49673 4477613280.242796
-149528034089.88104 4599547745.712287
-149524182552.97626 4721479151.5244465
-149520231551.24255 4843407416.566274
-149516181087.20618 4965332459.726687
-149512031163.4595 5087254199.896583
-149507781782.66098 5209172555.968881
-149498885203.75482 5452995407.303111
-149489590829.5999 5696803748.9929085
-149479898683.31424 5940596932.237515
-149469808789.07327 6184374308.271203
-149459321172.11005 6428135228.364994
-149448435858.71497 6671879043.828384
-149437152876.2358 6915605106.011063
-149425472253.07773 7159312766.304635
-149413394018.70312 7403001376.144344
-149400918203.6316 7646670287.010792
-149388044839.4399 7890318850.431658
-149374773958.76187 8133946417.983424
-149361105595.28833 8377552341.293096
-149347039783.76706 8621135972.039919
-149332576560.0027 8864696661.957106
-149317715960.85663 9108233762.833553
-149302458024.247 9351746626.515564
-149286802789.14856 9595234604.908567
-149270750295.59256 9838697049.97884
-149254300584.66672 10082133313.755224
-149237453698.51508 10325542748.330856
-149202171398.11005 10812251709.315666
-149165300919.4284 11298845579.593575
-149126842629.19693 11785319177.680126
-149086796911.04117 12271667323.201946
-149045164165.48248 12757884836.951809
-149001944809.93488 13243966540.943708
-148957139278.70166 13729907258.46792
-148910748022.97192 14215701814.146059
-148862771510.81693 14701345033.986128
-148813210227.18613 15186831745.437561
-148762064673.90317 15672156777.446255
-148709335369.66165 16157314960.509594
-148655022850.02075 16642301126.731474
-148599127667.40054 17127110109.877296
-148541650391.0773 17611736745.428974
-148482591607.17856 18096175870.63991
-148421951918.67798 18580422324.589977
-148359731945.38998 19064470948.24047
-148295932323.96432 19548316584.48906
-148230553707.8804 20031954078.224724
-148163596767.44147 20515378276.38268
-148095062189.76852 20998584027.99927
-148024950678.79416 21481566184.26688
-147953262955.25616 21964319598.588787
-147879999756.691 22446839126.634037
-147805161837.427 22929119626.39229
-147728749968.57748 23411155958.22862
-147650764938.03366 23892942984.93836
-147571207550.45734 24374475571.801857
-147490078627.27347 24855748586.639263
-147407379006.66257 25336756899.865273
-147323109543.5528 25817495384.543858
-147237271109.61206 26297958916.442974
-147149864593.23978 26778142374.08925
-147060890899.55856 27258040638.822643
-146876678490.30954 28216675933.46969
-146686208501.14722 29174109075.99184
-146489488641.5703 30130299194.985367
-146286526888.3439 31085205466.700825
-146077331485.229 32038787116.794807
-145861910942.7005 32991003422.080505
-145640274037.65363 33941813712.276978
-145412429813.09875 34891177371.757095
-145178387577.84494 35839053841.29402
-144938156906.17163 36785402619.80623
-144691747637.4891 37730183266.1009
-144439169875.98718 38673355400.615685
-144180433990.27258 39614878707.15873
-143915550612.99463 40554712934.64687
-143644530640.45953 41492817898.84197
-143367385232.2332 42429153484.08524
-143084125810.73233 43363679645.02959
-142794764060.80438 44296356408.36975
-142499311929.2957 45227143874.57032
-142197781624.60828 46156002219.59144
-141890185616.2452 47082891696.61215
-141576536634.34436 48007772637.75132
-141256847669.20093 48930605455.78606
-140931131970.77823 49851350645.86752
-140599403048.20734 50769968787.2341
-140261674669.27502 51686420544.92182
-139917960859.9005 52600666671.47195
-139568275903.60068 53512668008.635666
-139212634340.94394 54422385489.07582
-138851050968.9927 55329780138.06558
-138483540840.7345 56234813075.18397
-138110119264.50162 57137445516.00817
-137730801803.37967 58037638773.80262
-137345604274.60461 58935354261.20461
-136954542748.94846 59830553491.90658
-136557633550.09381 60723198082.334755
-136154893253.99702 61613249753.324326
-135746338688.24017 62500670331.79081
-135331986931.3717 63385421752.39778
-134911855312.23589 64267466059.22068
-134485961409.29109 65146765407.406746
-134054323049.91682 66023282064.83097
-133616958309.70963 66896978413.74796
-133173885511.7678 67767816952.4397
-132725123225.96507 68635760296.859
-132270690268.21301 69500771182.26878
-131810605699.71252 70362812464.87686
-131344888826.19415 71221847123.46635
-130873559197.14743 72077838261.02151
-130396636605.03917 72930749106.34898
-129914141084.52077 73780543015.69435
-129426092911.62453 74627183474.35391
-128932512602.94908 75470634098.28165
-128433420914.8339 76310858635.69127
-127928838842.5228 77147820968.65323
-127418787619.31677 77981485114.68672
-126903288715.71582 78811815228.34647
-126382363838.5501 79638775602.80434
-125856034930.10016 80462330671.42564
-125324324167.20659 81282445009.34007
-124787253960.36884 82099083335.00711
-124244846952.83336 82912210511.77602
-123697126019.67114 83721791549.44014
-123144114266.8446 84527791605.78558
-122585835030.26382 85330175988.1341
-122022311874.83237 86128910154.8801
-121453568593.48239 86923959717.02187
-120879629206.19946 87715290439.68669
-120300517959.03673 88502868243.65001
-119716259323.1188 89286659206.84836
-119126877993.63522 90066629565.88614
-118532398888.82353 90842745717.53613
-117932847148.94208 91614974220.2336
-117328248135.23251 92383281795.56398
-116718627428.8721 93147635329.74413
-116104010829.91579 93908001875.09685
-115484424356.22812 94664348651.51894
-114859894242.40503 95416643047.94237
-114230446938.68561 96164852623.78876
-113596109109.85376 96908945110.41687
-112956907634.12988 97648888412.56331
-112312869602.05263 98384650609.77606
-111664022315.35074 99116199957.84105
-111010393285.80495 99843504890.20142
-110352010234.10019 100566534019.36969
-109688901088.66791 101285256138.33258
-109021093984.51869 101999640221.9484
-108348617262.06517 102709655428.337
-107671499465.93536 103415271100.26236
-106989769343.7763 104116456766.5073
-106303455845.04825 104813182143.24077
-105612588119.80925 105505417135.37737
-104917195517.49039 106193131837.92892
-104217307585.66153 106876296537.3484
-103512954068.78778 107554881712.8657
-102804164906.97658 108228858037.81557
-102090970234.71558 108898196380.95735
-101373400379.60132 109562867807.78667
-100651485861.05872 110222843581.83882
-99925257389.05151 110878095165.98395
-99194745862.78362 111528594223.71384
-98459982369.39148 112174312620.4203
-97720998182.62753 112815222424.66508
-96977824761.53477 113451295909.44122
-96230493749.11243 114082505553.42578
-95479036970.97295 114708824042.22392
-94723486433.99019 115330224269.60425
-93963874324.93903 115946679338.72528
-93200233009.1263 116558162563.3531
-92432595029.01318 117164647469.07007
-91660993102.8292 117766107794.47447
-90885460123.17763 118362517492.3712
-90106029155.63269 118953850730.95322
-89322733437.32832 119540081894.97388
-88535606375.53876 120121185586.90997
-87744681546.25089 120697136628.11546
-86949992692.72852 121267910059.96587
-86151573724.06851 121833481144.9931
-85349458713.749 122393825368.011
-84543681898.16956 122948918437.23111
-83734277675.18362 123498736285.36893
-82921280602.62297 124043255070.74046
-82104725396.8145 124582451178.34909
-81284646931.08934 125116301220.96254
-80461080234.28436 125644782040.18005
-79634060489.23602 126167870707.48965
-78803623031.26686 126685544525.31543
-77969803346.66449 127197781028.0548
-77132637071.15321 127704557983.10564
-76292159988.35846 128205853391.88335
-75448408028.26385 128701645490.82767
-74601417265.6613 129191912752.39929
-73751223918.59381 129676633886.06609
-72897864346.79147 130155787839.27908
-72041375050.1004 130629353798.43791
-71181792666.90482 131097311189.8459
-70319153972.54231 131559639680.65457
-69453495877.71248 132016319179.79758
-68584855426.87877 132467329838.91406
-67713269796.663826 132912652053.26129
-66838776294.23829 133352266462.6166
-65961412355.70317 133786153952.1685
-65081215544.46586 134214295653.39714
-64198223549.60983 134636672944.9436
-63312474184.25815 135053267453.46857
-62424005383.9308 135464061054.49982
-61532855204.89602 135869035873.26881
-60639061822.51555 136268174285.53618
-59742663529.584045 136661458918.40608
-58843698734.6626 137048872651.12949
-57942205960.40654 137430398615.8961
-57038223841.887505 137806020198.61523
-56131791124.90996 138175721039.68524
-55222946664.322136 138539485034.7517
-54311729422.32154 138897296335.45416
-53398178466.75512 139249139350.16147
-52482332969.41406 139594998744.69577
-51564232204.32348 139934859443.04483
-50643915546.02687 140268706628.06287
-49721422467.86559 140596525742.15985
-48796792540.25331 140918302487.9792
-47870065428.94561 141234022829.0636
-46941280893.30474 141543672990.50946
-46010478784.5597 141847239459.60938
-45077699044.061584 142144708986.4829
-44142981701.53448 142436068584.69556
-43206366873.321754 142721305531.86578
-42267894760.62807 143000407370.26038
-41327605647.75699 143273361907.37766
-40385539900.34439 143540157216.51886
-39441737963.58774 143800781637.3475
-38496240360.47127 144055223776.43677
-37549087689.987206 144303472507.80475
-36600320625.353096 144545516973.4377
-35649979912.22533 144781346583.80115
-34698106366.90889 145010951018.3388
-33744740874.563564 145234320225.95944
-32789924387.406498 145451444425.51138
-31833697922.911346 145662314106.2449
-30876102562.00402 145866920028.26233
-29917179447.25515 146065253222.95584
-28956969781.06934 146257304993.43295
-27995514823.871296 146443066914.92972
-27032855892.288933 146622530835.21146
-26069034357.333527 146795688874.9612
-25104091642.577015 146962533428.1557
-24138069222.32653 147123057162.429
-23171008619.796253 147277253019.42343
-22202951405.276665 147425114215.12845
-21233939194.301315 147566634240.20654
-20264013645.81115 147701806860.30695
-19293216460.316536 147830626116.36667
-18321589378.05704 147953086324.89905
-17349174177.159065 148069182078.26965
-16376012671.791416 148178908244.95953
-15402146710.31892 148282259969.81607
-14427618173.454151 148379232674.291
-13452468972.40738 148469822056.66577
-12476741047.03481 148554024092.26453
-11500476363.985233 148631835033.65402
-10523716914.84514 148703251410.83115
-9546504714.282427 148768270031.39758
